0.099069887	1.096075726	0.055450355
0.152523571	1.085935737	0.044229459
0.297359032	1.038494593	0.110280403
0.351143621	1.044316222	0.108058521
0.473792081	1.007985845	0.118044587
0.535576973	1.030817457	0.05175336
0.633763237	1.075400709	0.105428053
0.677783311	0.980559465	0.093478773
0.721898646	0.969428092	0.147374455
0.793385296	0.966778694	0.133328871
0.853525656	0.969823597	0.146579864
0.976136687	0.999554584	0.127766516
0.999105963	1.003486765	0.203110548
1.043483441	1.003317406	0.205868518
1.051273861	0.952406684	0.158477846
1.082999995	0.954477892	0.22856774
1.035676278	0.918420617	0.212326787
1.044441001	0.88052923	0.187579386
1.061947788	0.908901103	0.277457297
1.00680991	0.898476073	0.268666906
0.912345933	0.853864498	0.214278567
0.906095215	0.843911251	0.227903839
0.832885137	0.774879005	0.298291749
0.844361485	0.723758634	0.239244357
0.706516793	0.779955944	0.310409203
0.643875863	0.75096464	0.319822671
0.560417803	0.676808372	0.302385541
0.503260522	0.665698921	0.328163734
0.354920412	0.693371278	0.324082462
0.264144839	0.57314877	0.332124355
0.240285446	0.565914056	0.373140439
0.054672815	0.605549189	0.334491564
0.023826443	0.546100172	0.396479832
-0.124148192	0.465271537	0.41541386
-0.21880223	0.484951263	0.407560083
-0.251636949	0.446839177	0.434875009
-0.3802276	0.459298361	0.381501064
-0.502859137	0.425385877	0.41945517
-0.546975919	0.332994745	0.436121888
-0.679442796	0.339548181	0.444450236
-0.671730996	0.254541941	0.42589394
-0.757411218	0.288232029	0.446591333
-0.80957193	0.21404437	0.460163916
-0.892233458	0.194328999	0.492415981
-0.89454039	0.112664379	0.476272413
-0.89944887	0.134942518	0.475982601
-0.929455493	0.126717623	0.493695601
-0.982619205	0.034739602	0.544155435
-0.962370069	0.02783681	0.537226128
-0.938494496	0.006829564	0.556282259
-0.920595914	-0.034509581	0.531774161
-0.867835129	-0.118123043	0.525133168
-0.839402436	-0.101960615	0.562114618
-0.768513963	-0.171292025	0.594495428
-0.757089646	-0.218909659	0.531921375
-0.651921087	-0.215701711	0.614072304
-0.559580202	-0.20918206	0.54514525
-0.455985354	-0.284954428	0.552619948
-0.381324146	-0.305896808	0.623311259
-0.361274878	-0.341976682	0.574289007
-0.245163236	-0.385163086	0.656509001
-0.106374589	-0.400436295	0.615165734
-0.048382687	-0.391503093	0.61351221
0.073408298	-0.490127828	0.667380151
0.179743937	-0.476033066	0.668125279
0.229583084	-0.520897507	0.628253347
0.370109058	-0.49149351	0.674675184
0.4680754	-0.563024143	0.706496614
0.55079211	-0.601910102	0.649797787
0.579716167	-0.615832494	0.645448431
0.755436873	-0.623565037	0.682722312
0.816096351	-0.676668015	0.726883477
0.836847377	-0.715579531	0.743679912
0.897521647	-0.741446449	0.75155811
0.921620829	-0.767583521	0.720934014
0.938224168	-0.799229014	0.714138828
1.00287325	-0.813315147	0.693225623
1.018024035	-0.783676327	0.788596149
1.045097538	-0.850877829	0.783009491
1.062053593	-0.809433562	0.760523802
1.013962867	-0.873319387	0.763264622
0.996445505	-0.881960436	0.813099984
1.034530111	-0.901583266	0.782877037
0.925669712	-0.9044582	0.811249232
0.864516673	-0.907804835	0.820491829
0.832942747	-0.864581923	0.78258237
0.770525122	-0.910761689	0.795571692
0.680463884	-0.946277506	0.823234632
0.676750648	-0.922017021	0.804706236
0.596588589	-0.899171023	0.791615675
0.471213734	-0.914361994	0.840376185
0.357978106	-0.907078064	0.791571639
0.26946539	-0.94845918	0.825571487
0.130484914	-0.950192079	0.85681456
0.073312733	-0.921969323	0.895040816
0.014659225	-0.976686086	0.902300165
-0.101211144	-0.968001321	0.876572263
-0.186845446	-0.978594405	0.881820037
-0.277428749	-0.988651674	0.90362359
-0.383524294	-0.982146844	0.929757637
-0.47269916	-0.926889238	0.901220717
-0.544554389	-0.928207326	0.870080906
-0.696253938	-0.955040702	0.902272619
-0.755244868	-0.889301007	0.944940807
-0.729660161	-0.899622695	0.913831675
-0.844986766	-0.847698998	0.957520038
-0.918965873	-0.913896605	0.934286662
-0.952930437	-0.859151967	0.924444416
-0.888096135	-0.808722664	0.885551005
-0.918909249	-0.874497936	0.896561231
-0.921998618	-0.866856321	0.977265542
-0.990718268	-0.848776335	0.99423519
-0.944529251	-0.75691843	0.948246557
-0.906894363	-0.747779946	0.968536073
-0.879482686	-0.785676389	0.99043018
-0.848385816	-0.707084584	0.959130547
-0.817136106	-0.734977753	1.004378094
-0.737893923	-0.663851545	1.015812377
-0.643071673	-0.700666609	0.94746935
-0.537958992	-0.662047158	0.990337213
-0.476420281	-0.561693525	0.943316321
-0.391441679	-0.589375803	1.010474088
-0.305369383	-0.507728559	0.9415008
-0.258463262	-0.573482739	0.948195802
-0.065728029	-0.456269368	1.015367498
-0.058178252	-0.510098308	0.949652628
0.081865284	-0.466550601	1.033731728
0.170002952	-0.377131058	0.976288446
0.243903231	-0.358346443	0.962474862
0.422127861	-0.304961275	0.973826901
0.51107158	-0.275491314	0.977516513
0.59746808	-0.32418168	0.972051621
0.634845908	-0.258419042	1.00640545
0.754563311	-0.184214117	1.049208818
0.770379338	-0.190228016	1.026200755
0.80657527	-0.170882202	1.022787658
0.868181432	-0.089637586	1.017485112
0.926195847	-0.14336953	1.014065161
0.982805649	-0.089694695	1.05985836
1.013145672	-0.024323912	0.990261608
1.024567238	0.036016245	1.040133952
1.017027832	0.080372867	1.06198056
1.043968673	0.10197633	1.010772279
1.047847701	0.078706084	1.05682986
0.987278787	0.127216316	1.021759395
1.012860689	0.17062054	1.000421755
0.942541588	0.168526986	1.022775532
0.847063053	0.194137162	1.013360846
0.822014432	0.218824013	1.081841954
0.73285107	0.253863895	1.041924732
0.686688292	0.299720897	0.999961644
0.594811091	0.367028287	1.044324261
0.538348845	0.434907289	1.072974798
0.426088992	0.399351883	1.073465242
0.382194644	0.459946598	1.094407107
0.208662568	0.47491156	1.049935589
0.144204224	0.558172481	1.062146957
0.060841233	0.503324104	1.038766475
-0.00230989	0.528284975	1.049751177
-0.101705902	0.62944202	1.043212518
-0.272643361	0.635177779	1.021688391
-0.346576648	0.696518115	1.009698923
-0.441578451	0.637899122	1.019163863
-0.530131519	0.738688273	1.013605654
-0.556291512	0.752020339	1.046513481
-0.698450582	0.792040822	1.03462107
-0.692842232	0.751385061	1.019239451
-0.786111906	0.763151727	1.015263162
-0.871058542	0.842308235	1.001113732
-0.919288418	0.82796488	1.053705584
-0.959341825	0.857413432	1.048576292
-0.974739995	0.898878526	1.039119877
-0.975375965	0.902684929	1.006792592
-0.973025588	0.914737112	1.032138778
-0.915456894	0.959180668	1.039726151
-0.880080127	0.955966073	1.007594512
-0.933716261	0.914324646	1.063005634
-0.905984955	0.959999269	1.042138272
-0.773404657	0.967943633	1.054748623
-0.716835692	1.001467966	1.014555615
-0.732111858	0.962250491	1.053154071
-0.660531998	1.052730722	1.061205101
-0.517927248	1.040558431	1.019301605
-0.517149668	1.011709429	1.028035949
-0.421931061	1.020559413	1.002649462
-0.304532191	1.064963903	1.025772992
-0.236789687	1.046270413	1.012393279
-0.086623601	1.048756917	1.044630554
0.016744905	1.004785964	1.02251742
0.143951366	1.073300109	0.963391855
0.175564247	1.043437395	1.040618948
0.279338592	1.042127167	0.969683881
0.367977425	1.03263845	1.027428078
0.518249337	1.05813622	0.970265718
0.555604382	1.007923819	0.93853659
0.688607929	0.984161905	1.005892529
0.703709057	1.048806263	1.003508224
0.813339082	0.999815258	0.994430287
0.904300011	1.004728752	0.955726818
0.906659424	0.979221813	0.969463558
0.977329517	0.963237357	0.999411699
0.993930913	0.919719814	0.938489213
1.050499641	0.998173588	0.930067667
1.087446535	0.942316538	0.92216662
1.063826456	0.955183769	0.910650391
1.055178527	0.883567001	0.974706902
1.076202511	0.897226584	0.914501451
0.98991468	0.830322132	0.948951541
1.001018799	0.871860381	0.962290807
0.88846606	0.85427718	0.908367121
0.873584686	0.81746699	0.922408663
0.814961028	0.742677322	0.875542528
0.742839874	0.730036346	0.902031773
0.733177667	0.697477394	0.894384796
0.625635451	0.718544312	0.872480924
0.494788091	0.709021713	0.866014403
0.392318816	0.622930139	0.896946074
0.335071176	0.621336369	0.837342965
0.191720398	0.658663197	0.852075525
0.14281761	0.631344578	0.828330813
0.062733118	0.520319032	0.82464373
-0.022998631	0.519138541	0.806598368
-0.161173657	0.491696385	0.869826693
-0.250515364	0.417706863	0.81006384
-0.344014056	0.449379111	0.836156839
-0.408584511	0.405347588	0.828824707
-0.535182202	0.362322871	0.82346578
-0.611178617	0.357929684	0.861022195
-0.689036081	0.263372783	0.828002878
-0.775122151	0.235444728	0.822296256
-0.753409841	0.28526078	0.799774968
-0.888164491	0.224042079	0.779208235
-0.895856907	0.20014861	0.786604942
-0.926674406	0.100174046	0.74863765
-0.927632585	0.101818495	0.809888481
-0.920489303	0.037545985	0.804642864
-0.962603916	0.075118154	0.743311315
-0.925154542	0.039399926	0.76070244
-0.950818485	-0.033729504	0.705204747
-0.902672447	-0.037184384	0.693347465
-0.852689695	-0.043814316	0.751609006
-0.831527311	-0.070713332	0.717342008
-0.769775832	-0.158259543	0.723594852
-0.672309657	-0.218136542	0.731241576
-0.614735466	-0.25106907	0.676860439
-0.512767464	-0.228470463	0.688151753
-0.473790343	-0.251599144	0.702392943
-0.367480968	-0.327067079	0.713644063
-0.254052828	-0.335005422	0.678106015
-0.215092152	-0.383522712	0.637175638
-0.050303647	-0.442207184	0.641489189
0.023324178	-0.46802901	0.681957642
0.118061848	-0.490799436	0.587416366
0.209360537	-0.50709189	0.642125413
0.339205286	-0.478986215	0.656098655
0.397848089	-0.500917565	0.567570402
0.48913499	-0.522293642	0.567621052
0.567086722	-0.57103707	0.548717067
0.632632867	-0.662975054	0.615802536
0.787484357	-0.617294195	0.616553198
0.798244449	-0.637980178	0.566108843
0.911197226	-0.732741704	0.544012996
0.878942553	-0.76458105	0.538836461
0.943828131	-0.726043218	0.495992059
1.0234026	-0.73980264	0.506323216
0.994809021	-0.820413249	0.534562253
1.057957504	-0.821548099	0.508262318
1.021991725	-0.776010291	0.518247692
1.02859628	-0.842863656	0.541107294
0.986945114	-0.877604202	0.447885859
0.978887388	-0.885723128	0.460143575
0.989808988	-0.864931209	0.511697619
0.898501882	-0.890574699	0.412165255
0.835554975	-0.885117427	0.403815723
0.799270624	-0.901583688	0.403892782
0.768735095	-0.916087206	0.45439063
0.635419632	-0.954598777	0.471306519
0.586936183	-0.977882228	0.454587897
0.539804981	-0.937394704	0.379038798
0.420429316	-0.971942195	0.38592258
0.287211016	-0.961490937	0.413536142
0.25453302	-0.90889144	0.366512727
0.090502076	-0.951493424	0.338688435
-0.020735583	-0.93134338	0.385139369
-0.121427287	-0.905465689	0.298974431
-0.218421888	-0.916652377	0.293387125
-0.296125259	-0.919672455	0.332418758
-0.332528131	-0.983212892	0.356342644
-0.468925105	-0.952163022	0.279975702
-0.509381182	-0.942821775	0.310812634
-0.608073847	-0.873161609	0.244869193
-0.708165851	-0.884999643	0.243345594
-0.786262523	-0.886680674	0.24403204
-0.76003976	-0.943173234	0.274960766
-0.842339367	-0.909461053	0.231153277
-0.882540513	-0.868284546	0.209206979
-0.872321663	-0.889349511	0.18265244
-0.900812137	-0.818112044	0.185553853
-0.979058422	-0.832598116	0.252697685
-0.959425813	-0.768597316	0.212330497
-0.935418047	-0.747603197	0.164216856
-0.958783447	-0.779146069	0.186489612
-0.894316546	-0.771331229	0.212146363
-0.890343266	-0.727019509	0.200867454
-0.818609017	-0.733204064	0.16358582
-0.791303573	-0.730702545	0.162892026
-0.679467509	-0.661167829	0.090975566
-0.579865503	-0.659791379	0.131065029
-0.495803292	-0.595228758	0.161369267
-0.486125764	-0.578351238	0.061216535
-0.339361331	-0.612086144	0.103603958
-0.268253181	-0.573709553	0.083508028
-0.148187851	-0.511776773	0.055225887
-0.030752593	-0.500642439	0.061191077
-0.008313218	-0.48265066	0.031389249
0.135566603	-0.417889058	0.0450971
0.217210503	-0.418937555	0.06892276
0.288313485	-0.419077951	0.051499185
0.412016923	-0.358869764	0.007254207
0.491426169	-0.347822777	0.022135766
0.617825714	-0.250910752	-0.018978138
0.647986703	-0.240024045	-0.039048584
0.79128247	-0.210546215	-0.048641162
0.786082597	-0.180606545	-0.022219422
0.874699371	-0.150423661	-0.076085368
0.91891989	-0.116396473	-0.022022795
0.934256519	-0.058656311	-0.098452107
0.980628534	-0.090907276	-0.041926477
1.04040225	-0.043020461	-0.050927667
1.088110033	-0.019152373	-0.124568105
1.070940344	0.020720551	-0.155742717
1.000438564	0.11000409	-0.075242372
1.009669741	0.08931716	-0.089896074
0.981662839	0.139578853	-0.177026934
0.938303158	0.129419495	-0.136607354
0.943098188	0.238758588	-0.107226529
0.905848	0.21740836	-0.183022154
0.820865478	0.230109131	-0.199899273
0.710157854	0.348460148	-0.190915841
0.629900885	0.303277952	-0.227795395
0.593210332	0.395717647	-0.216973355
0.481968486	0.418839796	-0.170223277
0.400803534	0.465734025	-0.225145838
0.26890998	0.511073788	-0.267482244
0.224243923	0.460021275	-0.271057821
0.143695221	0.54300859	-0.28384656
0.017471388	0.561294203	-0.267791236
-0.114421703	0.596536403	-0.272274297
-0.224196065	0.631284384	-0.29164672
-0.280810626	0.591614161	-0.256172627
-0.336213025	0.674090447	-0.299069903
-0.484435437	0.738053203	-0.262436342
-0.499375823	0.751468955	-0.297921024
-0.61735817	0.69639103	-0.360307214
-0.669437127	0.793656851	-0.385191012
-0.723522816	0.75467647	-0.370983429
-0.831505452	0.796356496	-0.321279509
-0.847798123	0.808676629	-0.3520439
-0.887800497	0.823568201	-0.361087157
-0.929782909	0.87081776	-0.354804571
-0.917384888	0.90685189	-0.35028012
-0.969556045	0.910274074	-0.438116802
-0.926541949	0.949118938	-0.439192113
-0.959522011	0.9845623	-0.400175629
-0.873848211	0.907105626	-0.471717935
-0.881002262	1.003920862	-0.401911458
-0.819219827	0.952234645	-0.415119956
-0.816517666	0.945518129	-0.496418621
-0.685401197	1.003550799	-0.47781423
-0.664494254	1.009044061	-0.506382592
-0.54688493	0.987718226	-0.522091848
-0.556387024	1.044268752	-0.460460752
-0.386284001	0.986717129	-0.459525411
-0.301076343	1.076320849	-0.48018912
-0.25366087	1.093309318	-0.561974433
-0.136581013	1.029199647	-0.564073569
-0.095341055	1.020121734	-0.521411336
0.061165366	1.032382398	-0.538615217
0.165826469	1.087798287	-0.570215414
0.298240853	1.058153144	-0.565306357
0.364699458	1.029990996	-0.588201799
0.454928955	1.038562708	-0.572125289
0.546546656	1.056893296	-0.613343135
0.63319375	1.025921722	-0.551005585
0.677311628	1.057476073	-0.58737624
0.721814455	1.053540828	-0.560896646
0.881708105	1.030176556	-0.613545315
0.893378761	1.032946007	-0.623766744
0.906468879	1.03662674	-0.60239661
0.991732683	1.023071924	-0.67398413
1.028222455	0.952237668	-0.643677056
1.030294657	0.921742661	-0.674771227
1.029817226	0.902213173	-0.602888291
1.048077071	0.960704214	-0.675304521
1.063103533	0.880091792	-0.69933266
0.986093314	0.910595794	-0.700370182
0.9524978	0.876193706	-0.713915778
0.912835962	0.863981916	-0.679414762
0.875109974	0.841734141	-0.69605539
0.833662358	0.799459661	-0.698355257
0.765060677	0.793046778	-0.690240038
0.724578771	0.766922642	-0.732275665
0.632220059	0.696462554	-0.748949469
0.613651972	0.690025392	-0.736704297
0.524161295	0.679177598	-0.767068307
0.40665667	0.608705651	-0.724293497
0.251099566	0.649485389	-0.753413023
0.208909005	0.588307449	-0.731131359
0.077944814	0.603940088	-0.778091306
-0.027449733	0.58032276	-0.733164787
-0.13809414	0.481116568	-0.763336985
-0.19406392	0.509921834	-0.735873266
-0.317998966	0.407480801	-0.769604077
-0.43022107	0.379709435	-0.803968049
-0.509573806	0.398370712	-0.771266929
-0.515614844	0.313863846	-0.812409046
-0.596599632	0.358518722	-0.793457689
-0.711198978	0.30163531	-0.827241433
-0.74758021	0.291987895	-0.808395577
-0.774948432	0.192148473	-0.855303512
-0.912827838	0.169068986	-0.816267276
-0.947457332	0.202500348	-0.870561732
-0.975560014	0.168707569	-0.781448929
-0.913871575	0.107066066	-0.850303686
-0.903298209	0.062832947	-0.883907954
-0.980571229	0.044334395	-0.892392011
-0.950752678	-0.03931369	-0.869726874
-0.904562358	-0.023441782	-0.809702056
-0.868668413	-0.051006686	-0.823458959
-0.814253375	-0.062569961	-0.834950705
-0.802577344	-0.17401998	-0.89195507
-0.697492395	-0.18447627	-0.824071714
-0.6300961	-0.204443556	-0.833553175
-0.613414986	-0.256264431	-0.846462908
-0.493239354	-0.219433926	-0.835779803
-0.437012179	-0.264531772	-0.930907004
-0.349398798	-0.301636524	-0.903741832
-0.249950192	-0.355060944	-0.861390831
-0.168855832	-0.339099816	-0.900665299
-0.041109559	-0.377025945	-0.908653367
0.089519455	-0.460367695	-0.881158139
0.210410663	-0.513281886	-0.903608295
0.313337011	-0.498389704	-0.874141193
0.37987081	-0.530901042	-0.902726771
0.471454194	-0.593448643	-0.906991187
0.586448769	-0.621833257	-0.896219326
0.669243494	-0.607863568	-0.959956897
0.723644004	-0.590029221	-0.929206711
0.780207514	-0.65289911	-0.885081021
0.882949283	-0.717442488	-0.933411779
0.851409339	-0.684338647	-0.952113886
0.955474327	-0.678082397	-0.945641927
0.960650946	-0.706568406	-0.964599254
1.000349068	-0.738630411	-0.886521012
1.077247255	-0.816422508	-0.885993708
1.055455531	-0.751752224	-0.978929662
1.080870942	-0.812984039	-0.941954317
1.079918054	-0.804265319	-0.915189431
1.010623083	-0.843232295	-0.935948835
0.985528221	-0.911208897	-0.964821356
0.906780097	-0.855742479	-0.946009897
0.940023102	-0.893801158	-0.897484497
0.808405711	-0.912657891	-0.904132142
0.779714915	-0.952241923	-0.942106508
0.697292831	-0.878603312	-0.91760783
0.675919816	-0.878823079	-0.924016073
0.591380271	-0.973498579	-0.946709198
0.464518545	-0.935500552	-0.983305855
0.402772556	-0.9027882	-0.947133043
0.281555973	-0.935299274	-0.923126486
0.141222894	-0.932352034	-0.965377323
0.057040624	-0.93726197	-0.90323987
-0.060650113	-0.978133867	-0.925625293
-0.116664028	-0.986668876	-0.92916409
-0.248011095	-0.902418258	-0.921959518
-0.310253779	-0.948786017	-0.985963096
-0.435737539	-0.954898474	-0.966821365
-0.500798966	-0.936736295	-0.958893966
-0.591151834	-0.894795226	-0.967812053
-0.630198896	-0.940210614	-0.996605251
-0.690996828	-0.863754075	-0.898604585
-0.760850998	-0.952211135	-0.937112101
-0.817746688	-0.933226622	-0.900699755
-0.876060864	-0.902049718	-0.953632124
-0.922454298	-0.884802571	-0.937329318
-0.961190578	-0.899612202	-0.937578615
-0.994950533	-0.833243837	-0.970041956
-0.952121159	-0.857195337	-0.949339514
-0.897470846	-0.79127042	-0.958787659
-0.928933316	-0.756356909	-0.946974608
-0.863371945	-0.80979272	-0.897187763
-0.907139841	-0.774950198	-0.973317731
-0.850341721	-0.689192888	-0.943227175
-0.784669172	-0.687564449	-0.884242268
-0.665713531	-0.711826701	-0.914755937
-0.626010444	-0.673401698	-0.969608383
-0.594116676	-0.607695375	-0.912254698
-0.532473044	-0.586904635	-0.932884613
-0.405000786	-0.598709368	-0.88250085
-0.352316665	-0.580871541	-0.956372116
-0.175623611	-0.519199467	-0.885916928
-0.076268221	-0.554909368	-0.929753975
-0.053902493	-0.482895829	-0.879287878
0.133786771	-0.466124577	-0.916463545
0.150147066	-0.387511604	-0.919310095
0.255130599	-0.355073869	-0.908771503
0.380355203	-0.387317529	-0.872517428
0.494491909	-0.31145034	-0.911056281
0.543012373	-0.307674824	-0.914205022
0.624630235	-0.312795023	-0.870922841
0.716508649	-0.242463258	-0.845945579
0.821241947	-0.177011982	-0.906395306
0.8873345	-0.216455627	-0.854436372
0.927385208	-0.153996692	-0.84240839
0.920987432	-0.079705084	-0.893797181
1.000622197	-0.115742328	-0.858904649
1.017428651	-0.053677333	-0.848725388
1.032009753	-0.033069033	-0.837023765
1.020166775	-0.001924409	-0.859464977
1.096880957	0.024606328	-0.879647009
0.992887421	0.118488645	-0.788986745
0.999647707	0.11511197	-0.788245886
1.013452596	0.136514642	-0.853522498
0.974066172	0.183283342	-0.83928271
0.850196584	0.178390685	-0.852651091
0.834877999	0.295823183	-0.759210597
0.722942054	0.315401643	-0.844255047
0.719990577	0.313501497	-0.773400533
0.590470611	0.327041641	-0.757211718
0.531849838	0.387459993	-0.746106097
0.403788412	0.394271868	-0.785049343
0.32358199	0.431526029	-0.776596706
0.206331521	0.4822558	-0.81045928
0.107856227	0.552487325	-0.733799957
0.061242637	0.556026988	-0.727830034
-0.088134554	0.611272886	-0.763033373
-0.095642003	0.626400281	-0.755699303
-0.283726267	0.605263021	-0.777526057
-0.323388539	0.604958182	-0.770968464
-0.410518682	0.677809345	-0.778941081
-0.525692465	0.688787507	-0.759271988
-0.59204228	0.70596997	-0.735411605
-0.681686406	0.696942105	-0.707738935
-0.766862788	0.790230096	-0.692172345
-0.754378004	0.80600483	-0.716648143
-0.864601221	0.798612399	-0.737240969
-0.833891297	0.848451751	-0.656469184
-0.922849685	0.892015697	-0.700618352
-0.908423979	0.854432972	-0.71354642
-0.902686417	0.844743874	-0.617454933
-0.99684578	0.957725901	-0.646925206
-0.941469017	0.903247687	-0.618200576
-0.946102758	0.991044078	-0.650166413
-0.93236288	1.006531592	-0.609047622
-0.820161596	0.994239671	-0.582586786
-0.808978195	0.935952132	-0.583548108
-0.715853708	0.977707846	-0.561970071
-0.657225081	1.003332717	-0.63853972
-0.676063838	0.991813638	-0.57339555
-0.549662059	0.986852182	-0.579298192
-0.43059964	0.983446297	-0.570948925
-0.337495322	1.046689014	-0.622090219
-0.244112677	1.033720355	-0.549922255
-0.191477303	1.083344457	-0.569793059
-0.071465241	1.045766333	-0.506938133
-0.016568775	1.027211806	-0.591472344
0.125844971	1.002260654	-0.573663544
0.18238682	1.037654923	-0.526205185
0.275943362	1.013715226	-0.563553171
0.40881714	1.053771194	-0.549116504
0.498321718	1.060661647	-0.514662253
0.62006945	1.08493365	-0.536451414
0.700664026	1.007783618	-0.465562894
0.706752361	1.005692481	-0.439713717
0.845693561	1.032491195	-0.469513357
0.822587278	0.984742729	-0.442296049
0.921551101	1.018377353	-0.459187794
0.940313984	1.023925514	-0.470211436
0.952194399	0.988720564	-0.441240286
0.983404715	0.990013094	-0.40553461
1.06848473	0.970967861	-0.403585421
1.090265166	0.906664345	-0.38900569
1.046037763	0.895678723	-0.386104106
1.054547745	0.886874474	-0.421813993
0.971695272	0.890102988	-0.399521156
0.946477092	0.867067562	-0.362433605
0.967960732	0.806850881	-0.34754515
0.88245334	0.781533638	-0.362193259
0.79576991	0.776872587	-0.358707353
0.780824436	0.781733094	-0.355367015
0.674682122	0.705380212	-0.366928893
0.647822362	0.693437428	-0.309381557
0.538819207	0.658978733	-0.297391313
0.455110747	0.63805358	-0.259632764
0.308445273	0.600570251	-0.300191175
0.19386985	0.63617591	-0.231279271
0.160892785	0.582525006	-0.284844199
0.042653365	0.549626603	-0.304531995
-0.075965715	0.535269822	-0.228771286
-0.110739314	0.518637672	-0.255794932
-0.296494122	0.442068712	-0.221151147
-0.392445708	0.49270119	-0.234477971
-0.479887148	0.429917158	-0.241527458
-0.536396283	0.414343232	-0.163798687
-0.559597247	0.324688656	-0.234272691
-0.720730043	0.324752337	-0.150177963
-0.719505552	0.239878645	-0.183016224
-0.756422593	0.22976394	-0.141671854
-0.894353946	0.221696892	-0.170053876
-0.841228131	0.164222311	-0.18909994
-0.914414974	0.159899906	-0.117848024
-0.92652171	0.089560392	-0.118681888
-0.911451003	0.131863255	-0.152826363
-0.938681217	0.04055314	-0.09971446
-0.94404996	-0.020174211	-0.061245522
-0.908578219	-0.046401147	-0.081177924
-0.935221215	-0.025418096	-0.100799562
-0.895061083	-0.09877044	-0.098798955
-0.834385409	-0.145156268	-0.065405142
-0.798408836	-0.118919158	-0.030237813
-0.682253379	-0.187242672	-0.078526667
-0.568785366	-0.216866746	-0.041359831
-0.580532298	-0.215383677	-0.025452957
-0.462411941	-0.298696496	0.024557095
-0.357713044	-0.299374681	0.039877541
-0.241482379	-0.327660123	0.016363781
-0.219226148	-0.410695596	0.059730963
-0.090356455	-0.354972209	0.008234288
0.015288042	-0.442375013	0.07603707
0.109457193	-0.493674557	0.070862266
0.262521186	-0.518793898	0.049677415
0.338916536	-0.488746559	0.10052133
0.361307857	-0.537934353	0.06238288
0.530815925	-0.530760643	0.054764478
0.612529675	-0.57013842	0.120678649
0.709192695	-0.654923701	0.095944455
0.74192401	-0.633097805	0.169378514
0.814789979	-0.704482987	0.118797971
0.877846585	-0.690762923	0.196153317
0.941387481	-0.706318421	0.117026353
0.981174999	-0.735461781	0.120047964
0.967882842	-0.750839129	0.208921919
1.052858463	-0.742455963	0.168108836
1.014250704	-0.77732089	0.195095095
1.006380604	-0.760321815	0.213357971
1.041735516	-0.799075762	0.202920507
0.989104443	-0.793756741	0.179807587
1.03356109	-0.836395581	0.234091588
0.999806246	-0.834300056	0.276253292
0.907508318	-0.918953397	0.247730817
0.872018327	-0.938126184	0.221905174
0.782097055	-0.886565265	0.283314677
0.77954306	-0.90174075	0.292339827
0.640194666	-0.894903646	0.255462561
0.550766779	-0.968029839	0.341330253
0.533950508	-0.920524612	0.345350147
0.392079347	-0.894193618	0.371572085
0.320290643	-0.933053299	0.302974533
0.217535045	-0.981427061	0.380541509
0.130433355	-0.986376267	0.317742003
-0.016599426	-0.972454541	0.402919471
-0.092453486	-0.903654739	0.36655114
-0.174675906	-0.964617339	0.33481983
-0.274652726	-0.908218552	0.358521786
-0.376456479	-0.918382904	0.416854379
-0.408705792	-0.892491951	0.416455004
-0.580535549	-0.977376739	0.452397722
-0.629771522	-0.951341083	0.456225254
-0.677154008	-0.874795052	0.418139423
-0.718999536	-0.861853271	0.419367773
-0.850483891	-0.947239483	0.50468669
-0.830939532	-0.856174875	0.432020453
-0.925991851	-0.877685342	0.484715086
-0.897436846	-0.81536952	0.513030552
-0.917224166	-0.880386749	0.528987001
-0.936049149	-0.826393139	0.491348425
-0.969554589	-0.85680943	0.530118709
-0.914998628	-0.80261271	0.52223954
-0.920841978	-0.81501344	0.520765248
-0.929488915	-0.746681273	0.580980394
-0.892369513	-0.7707646	0.561211163
-0.81409866	-0.772018488	0.591523788
-0.773401154	-0.714540991	0.560966031
-0.693702634	-0.680325453	0.61610355
-0.642764519	-0.69164561	0.586742298
-0.553133668	-0.655453386	0.605561018
-0.409378888	-0.594348564	0.618847546
-0.374738944	-0.60002919	0.627744187
-0.230176009	-0.569997192	0.659112004
-0.147387719	-0.493734655	0.623630467
-0.069072069	-0.490215456	0.612531995
0.026579597	-0.509960499	0.627493209
0.11853427	-0.419867369	0.642664571
0.270082574	-0.415546987	0.69770149
0.368745612	-0.379945036	0.656293498
0.384246354	-0.404726519	0.621211082
0.486283111	-0.308393255	0.709218013
0.626650531	-0.26850607	0.665044737
0.647983209	-0.276250322	0.694090876
0.716898246	-0.224813401	0.733671132
0.819149715	-0.165159513	0.659034967
0.904844816	-0.170594415	0.702645823
0.921018053	-0.127389709	0.695408173
0.971878743	-0.056378224	0.757520183
1.023923556	-0.101579964	0.76246827
1.057626412	-0.02604195	0.727603209
1.001170689	0.044689986	0.762053557
1.031188109	-0.014326679	0.724489023
0.997553975	0.098097264	0.717148721
1.041779218	0.123529354	0.737348957
0.978632649	0.159306848	0.735428133
0.95234354	0.117049606	0.791658614
0.873321987	0.177189589	0.767697964
0.887357745	0.222861696	0.809171478
0.816372226	0.281360265	0.808702342
0.782447447	0.268064868	0.825151252
0.623258644	0.281256848	0.835888625
0.583841661	0.394953552	0.802150661
0.441622716	0.383492757	0.831005083
0.364390547	0.464828775	0.840773137
0.29330958	0.411159962	0.870602728
0.183363163	0.521336943	0.898149743
0.082148699	0.541646955	0.887879465
0.006884359	0.588522152	0.859300399
-0.079276947	0.566345999	0.911274528
-0.178134611	0.643792525	0.873117685
-0.322503712	0.58121835	0.86132036
-0.339534655	0.647396585	0.834619031
-0.490989842	0.662881114	0.849483944
-0.583612345	0.680203482	0.905659662
-0.630046048	0.697257642	0.899878741
-0.720675801	0.708520858	0.947853206
-0.765175856	0.745292595	0.862594511
-0.769050984	0.761476304	0.9347181
-0.86447223	0.796250704	0.90354151
-0.861838297	0.868432137	0.911554579
-0.908557394	0.908845025	0.956306465
-0.958611943	0.870425642	0.972886153
-0.950523787	0.856987317	0.974910495
-0.969526608	0.926138958	0.898080745
-0.891122565	0.951830481	0.968948591
-0.916958615	0.982820971	0.956079893
-0.922685576	0.958245295	0.949142292
-0.854376646	0.987159419	0.978292456
-0.81370868	0.962889873	0.916339441
-0.701139567	0.988984514	0.92511527
-0.653042352	1.041454835	0.960893202
-0.588541613	1.050412173	0.987282526
-0.552053119	1.049062679	1.014908938
-0.412649549	1.053211181	1.002452366
-0.366017652	1.068613786	0.949136978
-0.201062288	1.000765299	1.039038319
-0.101421379	1.077036591	0.981545615
-0.015225542	1.057753908	0.991611607
0.074697778	1.045988765	1.023348338
0.168055416	1.034061056	1.014328507
0.278369939	1.010594641	0.969095107
0.393719805	1.053365718	1.007364804
0.455016286	1.09321571	0.969409489
0.5669263	1.002485013	0.96827402
0.649048764	1.002886733	1.020215727
0.724809748	0.99352789	0.991068099
0.817223839	1.047193225	1.034062171
0.81032105	1.013664676	1.033589891
0.926576105	1.020392893	1.005313588
0.957826061	0.967531564	1.071192313
1.024845484	0.960145818	0.993187899
0.982071846	0.927055336	1.000509443
1.040204515	0.979175725	1.057643909
1.000565131	0.980263018	0.992900622
1.035960624	0.928830113	1.033914889
1.07754733	0.859644174	1.088688699
1.055426524	0.849852618	1.046295241
1.030121119	0.882577013	0.996007626
0.964962779	0.802673377	1.090384048
0.935983501	0.838944166	1.004724311
0.90108102	0.848216095	1.059571404
0.795357757	0.803921223	1.00867445
0.734322287	0.751133286	1.02315745
0.607499094	0.718648547	1.012700314
0.603672919	0.765326381	1.044468071
0.462487328	0.691203112	1.046893695
0.381772914	0.686801807	1.060799429
0.251385068	0.604872469	1.001899387
0.21763156	0.621209078	1.098896441
0.079950117	0.619027561	1.042986052
-0.028580386	0.565394851	1.064983914
-0.121691715	0.521340187	1.0058896
-0.173588686	0.545238529	1.022509377
-0.263416226	0.421690559	1.009081366
-0.386189046	0.392380618	1.077981613
-0.511482638	0.412175907	1.074069714
-0.57140278	0.399831805	1.063014322
-0.662446195	0.315194358	1.076176793
-0.728840549	0.265286679	1.012816698
-0.779982358	0.279187957	1.000490686
-0.848179071	0.295150454	1.072256903
-0.860802397	0.237075941	1.091279993
-0.916820666	0.189902588	0.996516916
-0.966527982	0.174703991	1.0832055
-0.942835783	0.096593115	1.080869669
-0.900612669	0.109780148	1.042665503
-0.932167046	0.051122636	1.013087266
-0.959378418	0.036404409	1.068826952
-0.942351115	0.016101369	1.000370994
-0.899554305	-0.048448466	1.073318988
-0.84568951	-0.118632636	1.039530868
-0.760808339	-0.142691293	1.013553191
-0.686262743	-0.147125195	1.055163604
-0.664196467	-0.154221264	1.038575867
-0.582375628	-0.200119273	1.014962951
-0.466885867	-0.267407002	1.051848599
-0.381095773	-0.301720417	0.997547944
-0.282913768	-0.341680181	1.052558223
-0.213981953	-0.325059473	0.997696413
-0.082213548	-0.362494256	1.033871353
-0.078103841	-0.445662753	0.984057907
0.07042601	-0.477543217	0.981593115
0.168168712	-0.433612105	1.026634448
0.226927556	-0.488760228	0.962688228
0.38232449	-0.560412743	0.962249306
0.450292672	-0.589665794	0.994063837
0.563656353	-0.583859168	1.010824058
0.6057861	-0.62230027	0.999622282
0.677559508	-0.571129285	0.990590241
0.799158312	-0.673702645	1.003909377
0.874010837	-0.706365316	0.937880526
0.92366974	-0.717731416	1.001249446
0.994481212	-0.703377808	0.982288279
0.956970188	-0.771313812	0.997778659
1.013461419	-0.719746099	0.95612431
1.040819113	-0.765865863	0.986215987
1.014759315	-0.764371753	0.919951131
1.027316965	-0.820971506	0.91781554
1.052768666	-0.791686048	0.906471636
1.043831247	-0.848168767	0.933102814
0.972185811	-0.878119451	0.881300266
0.911567161	-0.85033128	0.89552006
0.903322736	-0.841049634	0.874085008
0.861476008	-0.903625659	0.940542385
0.760992268	-0.936029175	0.947774659
0.663767125	-0.924944259	0.849550489
0.598013851	-0.908415119	0.902790446
0.52211728	-0.92076004	0.919285936
0.439040417	-0.892423477	0.897228225
0.342463529	-0.89716514	0.867704122
0.249444659	-0.89610475	0.828899457
0.214617919	-0.901065311	0.858370046
0.100880771	-0.96888927	0.82623619
-0.0168208	-0.980354676	0.87833148
-0.095519773	-0.975734639	0.840642255
-0.202829253	-0.984240474	0.819209998
-0.343892454	-0.985106966	0.841576404
-0.382360443	-0.926005333	0.788761581
-0.493595868	-0.956793687	0.853228117
-0.588035385	-0.892766844	0.803953902
-0.653294131	-0.89112407	0.766593683
-0.695120971	-0.94076816	0.790170803
-0.771622525	-0.879124613	0.826606371
-0.860007961	-0.873333683	0.786703901
-0.827643418	-0.907480307	0.765276439
-0.910702024	-0.867850843	0.8147132
-0.971573599	-0.849462472	0.742852523
-0.992662684	-0.88146291	0.723333078
-0.939174148	-0.877857511	0.75474734
-0.895766976	-0.82852515	0.706946533
-0.960041787	-0.766400094	0.781901647
-0.858749773	-0.760823968	0.7297184
-0.824414325	-0.727363954	0.731605641
-0.788554916	-0.752598812	0.732540494
-0.78248733	-0.717810164	0.745672151
-0.744365477	-0.671338738	0.701971625
-0.68868096	-0.639490887	0.660432029
-0.566186686	-0.639720374	0.685025361
-0.43557924	-0.639200653	0.637310243
-0.379403349	-0.593463165	0.676998676
-0.333655362	-0.613376925	0.628059991
-0.171485963	-0.57199884	0.685685875
-0.136353004	-0.481809437	0.619708987
-0.05328716	-0.527138855	0.648927601
0.115949176	-0.420103345	0.683373354
0.180574165	-0.453369101	0.635867377
0.251955003	-0.394024261	0.61481008
0.403788028	-0.400827556	0.612631461
0.491796968	-0.323578265	0.576278469
0.545323791	-0.315790415	0.563657226
0.647379859	-0.308356122	0.562614832
0.677509865	-0.257565667	0.611302148
0.835376454	-0.250697779	0.58106631
0.852123568	-0.208536213	0.563804479
0.880650421	-0.201053438	0.573158851
0.953014232	-0.077305313	0.580723254
1.023502377	-0.061457502	0.500994055
1.008413343	-0.028546268	0.494276071
1.052921266	-0.051682009	0.505611763
1.002880684	0.01167144	0.488379481
1.072109893	0.070217228	0.462692369
1.015741485	0.059534483	0.451038584
1.010262257	0.064689838	0.500837491
0.958183696	0.187643766	0.508882913
0.946669791	0.144442643	0.478453304
0.855431178	0.188096596	0.498370238
0.803081755	0.191508747	0.476393727
0.741314245	0.295170419	0.414615429
0.712800371	0.321408405	0.4462189
0.619024449	0.296383049	0.457844959
0.537216134	0.392907786	0.439909778
0.435475084	0.360676072	0.360507855
0.349548467	0.384625133	0.366545444
0.227591044	0.474892533	0.415167172
0.148529181	0.529928747	0.414516066
0.055817442	0.564655325	0.328001087
-0.021235983	0.551457382	0.385751545
-0.169299699	0.6070505	0.378391126
-0.254770224	0.611983898	0.311771342
-0.352023767	0.650897862	0.344235055
-0.395847077	0.680414683	0.351611489
-0.549988983	0.685711322	0.343261666
-0.56047035	0.680300968	0.244329267
-0.684536033	0.760422704	0.28141247
-0.735875054	0.765646492	0.265694266
-0.807257533	0.78006831	0.215800504
-0.880481517	0.769508891	0.246630862
-0.882209188	0.810044736	0.278332696
-0.86219771	0.89074517	0.26849613
-0.888627484	0.894113219	0.200090964
-0.973896552	0.90562256	0.209886558
-0.916617114	0.875887239	0.200108948
-0.921079374	0.889205137	0.222970186
-0.910317634	0.928713327	0.143348991
-0.885361483	0.966956499	0.12542191
-0.825341931	0.938158053	0.137344427
-0.787743291	1.01246457	0.124382417
-0.76964587	0.950668627	0.13294868
-0.694979476	1.036862205	0.173375405
-0.593510693	0.967341501	0.108343358
-0.580785654	0.984692159	0.115859649
-0.441727582	1.028640245	0.093976913
-0.411372822	1.043429054	0.107803863
-0.275502109	1.02527033	0.080233249
-0.170468952	1.040735356	0.031141107
-0.132431834	1.045543266	0.053269671
-0.041214879	1.004528238	0.058280506
0.090999779	1.08935415	0.064581885
0.181672696	1.034150263	0.050019764
0.346745316	1.033514346	0.029888666
0.408996183	1.031180496	0.001891549
0.478043419	1.026704652	-0.003038122
0.562957856	1.033880103	0.00283145
0.686559215	1.079497376	0.023681786
0.720840217	1.024226454	0.016404163
0.843927809	1.046939385	0.00045042
0.88516327	0.977146705	0.002528343
0.948787505	0.953131953	-0.089996571
0.964932222	0.96117295	-0.070344742
1.041448036	0.927792202	-0.066034343
0.997841551	1.011126988	-0.042799032
0.995992108	0.946650831	-0.080652921
1.06883082	0.977880588	-0.10792084
1.073303109	0.930929547	-0.11249063
1.062536476	0.900574464	-0.15054142
1.007209924	0.914842862	-0.166998621
1.023953157	0.847056844	-0.184007165
0.911066558	0.79832412	-0.196605824
0.892712599	0.84215053	-0.190215485
0.781964738	0.7642229	-0.192987679
0.767856944	0.770112769	-0.190711183
0.643723908	0.743796845	-0.224553604
0.615119061	0.77734099	-0.211140871
0.56055539	0.697565884	-0.243258312
0.39122258	0.649816242	-0.17512619
0.380075261	0.695749554	-0.213437024
0.269799649	0.596832465	-0.194887049
0.112933246	0.632585218	-0.222632839
-0.005108493	0.579588054	-0.306800986
-0.012226439	0.533667543	-0.310025103
-0.189516018	0.502165482	-0.266385407
-0.305452908	0.477114127	-0.286993024
-0.396213872	0.489586082	-0.303516685
-0.421045357	0.380254576	-0.343823113
-0.494138766	0.372238266	-0.2962093
-0.583288403	0.38032645	-0.334636949
-0.722485065	0.312079718	-0.346144451
-0.736688459	0.277794866	-0.343888449
-0.779664064	0.256223014	-0.348333129
-0.867564407	0.212640498	-0.347296873
-0.889945223	0.173437311	-0.41411771
-0.947965119	0.159612223	-0.410539572
-0.934965684	0.142712071	-0.432647508
-0.935820892	0.125045314	-0.440592781
-0.957465541	0.117318102	-0.3887758
-0.956788677	0.002961078	-0.452387308
-0.959219159	-0.008012806	-0.388497766
-0.89439513	-0.040953545	-0.394794058
-0.861607159	-0.020563377	-0.462839055
-0.768820488	-0.109362654	-0.440192804
-0.730883134	-0.080581781	-0.422668222
-0.668400962	-0.189542799	-0.497416833
-0.657788024	-0.211717445	-0.488043323
-0.589080187	-0.210624882	-0.524593799
-0.414544064	-0.260975952	-0.498236812
-0.391398972	-0.248011565	-0.483656708
-0.31601517	-0.369447897	-0.464054006
-0.170950543	-0.338844164	-0.559967661
-0.093676403	-0.360179059	-0.492601768
0.024066587	-0.442622913	-0.515507714
0.124385405	-0.477585463	-0.564878693
0.204076319	-0.42446376	-0.502083488
0.300290177	-0.540487955	-0.537859733
0.393025326	-0.495858786	-0.534397019
0.525644683	-0.538616581	-0.563478525
0.599256507	-0.572808814	-0.615466564
0.648988088	-0.641714458	-0.54631713
0.785484716	-0.673910634	-0.607500759
0.830437761	-0.603469742	-0.598713403
0.847162957	-0.72573888	-0.641421311
0.887682921	-0.706644958	-0.663077577
1.008510333	-0.767990147	-0.587919935
0.965115615	-0.773725402	-0.662046513
0.999355635	-0.721986673	-0.622415379
1.064228941	-0.732425952	-0.641406232
1.07586122	-0.824232939	-0.667147183
1.095010927	-0.766587683	-0.67287157
1.011427965	-0.873883086	-0.690176172
1.028547668	-0.885726884	-0.637924341
0.993219975	-0.866122921	-0.679956147
0.927081561	-0.862638724	-0.696347068
0.922543807	-0.890935848	-0.715074687
0.856106474	-0.90712223	-0.710613715
0.764476448	-0.880066197	-0.705636536
0.67073788	-0.887120618	-0.6721181
0.615841806	-0.920905632	-0.682447755
0.541118915	-0.902292109	-0.77873861
0.403247778	-0.890965062	-0.760090089
0.304987969	-0.928485044	-0.788116939
0.181876066	-0.944288352	-0.787369538
0.095453807	-0.983527207	-0.77312321
-0.010475152	-0.925505828	-0.770278779
-0.116987172	-0.944248167	-0.735710106
-0.199064713	-0.944245873	-0.733385352
-0.229635305	-0.941150638	-0.800325252
-0.346489425	-0.941352583	-0.822806757
-0.458345171	-0.981273915	-0.832314187
-0.50827329	-0.930404157	-0.84180453
-0.586297772	-0.900356443	-0.807268518
-0.665094322	-0.886782058	-0.818964392
-0.767795276	-0.912096681	-0.808321564
-0.784590524	-0.940040505	-0.848709033
-0.810379394	-0.870672113	-0.802138186
-0.938355067	-0.875327806	-0.787409867
-0.894557059	-0.832325846	-0.852481975
-0.920436352	-0.878428629	-0.796694648
-0.91821848	-0.819019829	-0.844244846
-0.944978556	-0.809359487	-0.877084562
-0.923414824	-0.839382361	-0.832760886
-0.904611174	-0.817463121	-0.852969037
-0.915748513	-0.798801724	-0.840005209
-0.830970329	-0.76192131	-0.831388423
-0.821034911	-0.738975654	-0.828282312
-0.729121248	-0.7497147	-0.907768202
-0.70756303	-0.677254497	-0.906683399
-0.603219591	-0.714445708	-0.924986053
-0.57519709	-0.654823352	-0.849601099
-0.464001656	-0.615075894	-0.855664775
-0.341261837	-0.615754888	-0.922885561
-0.272485287	-0.526134207	-0.939906749
-0.19455768	-0.536328686	-0.922570587
-0.063968614	-0.47515869	-0.882782738
0.06931869	-0.485068509	-0.9458603
0.157150902	-0.420792932	-0.890385048
0.231542986	-0.449675062	-0.913685596
0.30920244	-0.420935759	-0.958369241
0.415037135	-0.41505518	-0.887981206
0.511594237	-0.361578528	-0.869808612
0.595996341	-0.261069282	-0.885075151
0.713899171	-0.246364231	-0.894052718
0.790712355	-0.261818811	-0.904473916
0.868114076	-0.234141343	-0.932602294
0.898696384	-0.213916812	-0.96033871
0.969273269	-0.107474933	-0.89022915
0.951761748	-0.149036446	-0.925586122
1.035283463	-0.102002954	-0.931786004
1.04272919	-0.063109558	-0.888524839
1.023914318	0.027035842	-0.95477206
1.023500427	-0.018433326	-0.911892616
0.994789209	0.040671425	-0.93530227
1.067081371	0.077251702	-0.984203302
1.023500059	0.083560883	-0.932336301
1.00918281	0.179075882	-0.980473002
0.886475714	0.166688533	-0.987721021
0.873578527	0.213291994	-0.981361895
0.809878779	0.217682767	-0.903967683
0.746533215	0.296742446	-0.958733802
0.626876536	0.265936735	-0.901599943
0.597218667	0.306346421	-0.909148755
0.452854076	0.38633995	-0.933699859
0.429871604	0.453223183	-0.919816147
0.275788591	0.417535395	-0.916941569
0.229196258	0.462944398	-0.921900888
0.105205596	0.531582645	-0.966886103
0.003625356	0.541683778	-0.968940451
-0.101194443	0.602305181	-0.907352285
-0.194032755	0.597409715	-0.901255715
-0.307187197	0.63453815	-0.987285769
-0.416133738	0.630605387	-0.983819736
-0.496115444	0.655597005	-0.94253569
-0.541696704	0.717579007	-0.936236033
-0.662168386	0.70141129	-0.968445426
-0.727845655	0.771115426	-0.961222379
-0.785103417	0.728940471	-0.971780874
-0.821429299	0.835384879	-0.934978902
-0.863998524	0.84534371	-0.922178451
-0.893482311	0.790420663	-0.958699694
-0.894456426	0.891569339	-0.967389613
-0.892381086	0.859781898	-0.97455818
-0.983163394	0.919260903	-0.974694465
-0.981724894	0.951880337	-0.954553336
-0.970716726	0.91154784	-0.906543676
-0.896193296	0.898841154	-0.947323774
-0.833125619	0.960746917	-0.889932501
-0.879317456	0.94827254	-0.973383279
-0.756280833	0.94988469	-0.937500308
-0.707844586	0.984188396	-0.951806388
-0.667813455	0.966349261	-0.953618184
-0.635701798	0.964108565	-0.911832395
-0.467447263	1.02047031	-0.965901145
-0.435136583	1.063683949	-0.940350874
-0.354949407	0.997873862	-0.954904459
-0.243560545	0.997158463	-0.953032882
-0.181549006	1.028248368	-0.914609472
-0.088036073	1.020258578	-0.948795588
0.025389658	1.06407169	-0.922561192
0.19649779	1.0498027	-0.865975817
0.286623706	1.037644566	-0.893309179
0.351830037	1.002422845	-0.851260022
0.423463489	1.008351889	-0.861958377
0.496796722	1.048327034	-0.906873595
0.619207569	1.05925788	-0.891551601
0.67931694	1.038307887	-0.870132136
0.784532751	0.998802886	-0.886703411
0.884299743	1.063238225	-0.900249362
0.891955365	1.042641535	-0.878124923
0.945077089	1.016224526	-0.895854451
0.979747454	0.968453972	-0.846872375
1.04996541	0.984420741	-0.804594745
1.034435621	1.000700876	-0.881797002
1.087354659	0.95265736	-0.805662623
1.003449823	0.913475336	-0.841432538
1.077421948	0.957145428	-0.8835707
1.015920834	0.878961847	-0.844907702
1.015175096	0.851838175	-0.79424832
1.001980326	0.80953116	-0.81948289
0.876048099	0.85790658	-0.833074392
0.834540949	0.866480262	-0.835657729
0.759201072	0.787661222	-0.845128491
0.701078667	0.781778088	-0.833062355
0.596467361	0.735072751	-0.81909265
0.607412976	0.724209099	-0.781126775
0.470467633	0.698754277	-0.756773503
0.372997377	0.670637604	-0.762099779
0.324885122	0.634929663	-0.81211532
0.236607107	0.64930241	-0.730254388
0.118407784	0.56074732	-0.736388551
-0.040612948	0.563377925	-0.708759496
-0.065724422	0.555257682	-0.729946161
-0.178190694	0.540193887	-0.778963116
-0.294210518	0.492517299	-0.72096988
-0.42925352	0.47395368	-0.716657252
-0.451741355	0.40555597	-0.691825563
-0.561467369	0.400513704	-0.74501804
-0.660393158	0.396382804	-0.706146986
-0.733245147	0.361186696	-0.751929469
-0.779119277	0.305173569	-0.739457046
-0.838260462	0.280538681	-0.645916798
-0.871799874	0.220057896	-0.662101292
-0.870180303	0.150282993	-0.669761888
-0.955734394	0.14853149	-0.650115306
-0.992311267	0.145818112	-0.67561606
-0.917006167	0.095887266	-0.61189424
-0.990452447	0.106161949	-0.628810302
-0.912432695	0.034341249	-0.66531642
-0.898649017	-0.010874392	-0.618062464
-0.869713451	0.001839932	-0.609732053
-0.825381248	-0.034861039	-0.589282988
-0.791436883	-0.064675997	-0.661027556
-0.674106773	-0.15941501	-0.643138974
-0.640673076	-0.175773891	-0.639971596
-0.617102624	-0.217965086	-0.579079813
-0.510068195	-0.242617633	-0.589377603
-0.400870231	-0.294893063	-0.568070215
-0.327107516	-0.252206212	-0.571616777
-0.20381621	-0.308057981	-0.542782915
-0.168021114	-0.410559408	-0.599250728
-0.013619689	-0.422469881	-0.554630909
0.058610252	-0.376512318	-0.490294053
0.127175426	-0.426326655	-0.518801162
0.290691288	-0.51024742	-0.515811167
0.408526143	-0.53951875	-0.541533752
0.450925901	-0.572925314	-0.475601024
0.57455216	-0.580647799	-0.510262077
0.666978518	-0.632497909	-0.529762718
0.731153251	-0.6366533	-0.445447662
0.791503319	-0.632101758	-0.48802125
0.828318301	-0.616078924	-0.509179403
0.88543482	-0.692983134	-0.478885753
0.953493437	-0.680069035	-0.396572715
1.030273063	-0.750532809	-0.393559069
0.998437081	-0.766168983	-0.446585512
0.998664875	-0.794296106	-0.402029802
1.024785209	-0.819772348	-0.422033627
1.095253	-0.837993024	-0.393584477
1.085457731	-0.85162901	-0.423933288
0.976995891	-0.858657587	-0.401096226
1.025864632	-0.82047485	-0.365890955
0.998915141	-0.884323549	-0.351242444
0.898089672	-0.903023854	-0.359600725
0.806331791	-0.852696024	-0.336397536
0.733587769	-0.912370842	-0.289085076
0.702879866	-0.93346463	-0.319115382
0.67024371	-0.883662781	-0.288200784
0.508198768	-0.923777167	-0.28387513
0.424927429	-0.89661499	-0.25896929
0.358692896	-0.963828961	-0.254250075
0.295524766	-0.921362001	-0.242969207
0.214607904	-0.98380267	-0.250849509
0.023124683	-0.970686481	-0.224396311
-0.033834099	-0.958078234	-0.293981811
-0.117293331	-0.960574263	-0.207210527
-0.266456658	-0.985418312	-0.282157666
-0.337719857	-0.964610186	-0.2369926
-0.374696817	-0.941920307	-0.258412531
-0.540870103	-0.973117049	-0.168224322
-0.544186798	-0.963674149	-0.222666134
-0.650853837	-0.914612658	-0.197769992
-0.679296332	-0.945960247	-0.138951796
-0.733730804	-0.948225955	-0.184517223
-0.861205181	-0.907006331	-0.154779396
-0.909886944	-0.898419525	-0.143240576
-0.910566214	-0.876171914	-0.140916272
-0.938825216	-0.85673905	-0.082439017
-0.896596071	-0.85883021	-0.123376305
-0.940457392	-0.847144448	-0.077227204
-0.960928755	-0.803298108	-0.069925051
-0.945922347	-0.76143864	-0.050053884
-0.916401729	-0.764596847	-0.119787895
-0.907434225	-0.753168802	-0.107561063
-0.790321849	-0.716063581	-0.055039067
-0.776903584	-0.695499524	-0.068662388
-0.681953127	-0.665688909	-0.043908468
-0.622330961	-0.715884371	-0.05771438
-0.615511241	-0.619811577	-0.036806884
-0.461528744	-0.678066299	0.016959793
-0.44213896	-0.580816675	0.015315624
-0.306464278	-0.611558977	-0.035659896
-0.256161878	-0.530488428	-0.017065431
-0.10935732	-0.490827859	0.004622793
0.031693813	-0.469910825	0.065766948
0.101101183	-0.438785433	0.024988268
0.190174311	-0.41624946	0.042369376
0.243510269	-0.413611939	0.09202481
0.330952771	-0.35858357	0.056783458
0.455747243	-0.345545685	0.132928371
0.515002977	-0.369165885	0.128584542
0.687778776	-0.260393516	0.070374438
0.7248491	-0.240508125	0.082426862
0.797625833	-0.19425363	0.101388336
0.865645381	-0.227493565	0.126391776
0.934884445	-0.14265567	0.139973364
0.996725801	-0.14691442	0.116380434
1.014350963	-0.135412005	0.205525943
0.99767447	-0.02419028	0.172757027
1.034122472	-0.061001154	0.182379008
1.095965088	-0.021039433	0.209884717
1.03273369	0.00396165	0.209158546
1.064549029	0.071609036	0.226850319
1.027179054	0.118484849	0.250489509
0.958164234	0.174023453	0.229136273
0.923892169	0.205957684	0.233135599
0.881488364	0.239793682	0.291773294
0.846629908	0.223342831	0.28785541
0.748493667	0.304163504	0.291215774
0.703015321	0.243762637	0.318650229
0.650176358	0.326794147	0.261318041
0.494616649	0.392139377	0.356000535
0.438471586	0.34921228	0.284267811
0.308081774	0.382350733	0.363640989
0.254003533	0.458494007	0.356757022
0.166670979	0.48526402	0.364175755
0.102401314	0.539233992	0.395434632
-0.013899314	0.541837521	0.352255688
-0.103603408	0.581859725	0.34199861
-0.206420408	0.63161974	0.356340728
-0.33248083	0.670720671	0.419512809
-0.432008075	0.686714565	0.432632699
-0.480375747	0.663078712	0.406613167
-0.590281111	0.714180329	0.468885762
-0.624073486	0.775194903	0.483397747
-0.722301064	0.702622605	0.398489152
-0.748189492	0.739175356	0.438580474
