5.000	0.000	0.000
4.500	1.400	0.000
4.190	2.646	0.063
4.036	3.790	0.172
4.011	4.875	0.321
4.097	5.937	0.508
4.281	7.004	0.737
4.554	8.101	1.017
4.908	9.249	1.359
5.342	10.464	1.777
5.855	11.760	2.289
6.445	13.148	2.916
7.115	14.633	3.686
7.867	16.217	4.629
8.702	17.893	5.781
9.621	19.648	7.184
10.624	21.454	8.883
11.707	23.271	10.925
12.863	25.037	13.358
14.081	26.670	16.222
15.340	28.062	19.545
16.612	29.078	23.328
17.858	29.563	27.537
19.029	29.350	32.082
20.061	28.280	36.811
20.883	26.230	41.503
21.418	23.148	45.874
21.591	19.088	49.608
21.340	14.232	52.406
20.629	8.881	54.046
19.455	3.419	54.437
17.851	-1.758	53.650
15.890	-6.320	51.906
13.669	-10.055	49.517
11.297	-12.896	46.823
8.877	-14.893	44.117
6.500	-16.175	41.619
4.233	-16.899	39.457
2.120	-17.214	37.690
0.186	-17.248	36.320
-1.557	-17.091	35.319
-3.110	-16.806	34.643
-4.480	-16.431	34.242
-5.675	-15.987	34.065
-6.706	-15.483	34.064
-7.584	-14.922	34.194
-8.318	-14.303	34.414
-8.916	-13.626	34.686
-9.387	-12.894	34.976
-9.738	-12.110	35.254
-9.975	-11.282	35.493
-10.106	-10.422	35.672
-10.137	-9.543	35.774
-10.078	-8.659	35.787
-9.936	-7.788	35.706
-9.721	-6.944	35.527
-9.444	-6.143	35.255
-9.114	-5.397	34.895
-8.742	-4.714	34.456
-8.339	-4.103	33.949
-7.915	-3.566	33.386
-7.480	-3.104	32.778
-7.043	-2.715	32.136
-6.610	-2.397	31.471
-6.189	-2.143	30.790
-5.784	-1.949	30.101
-5.401	-1.808	29.411
-5.041	-1.714	28.725
-4.709	-1.660	28.045
-4.404	-1.641	27.375
-4.128	-1.653	26.718
-3.880	-1.689	26.073
-3.661	-1.747	25.444
-3.470	-1.823	24.829
-3.305	-1.915	24.230
-3.166	-2.020	23.647
-3.051	-2.138	23.081
-2.960	-2.266	22.530
-2.891	-2.406	21.997
-2.842	-2.555	21.480
-2.813	-2.715	20.980
-2.804	-2.885	20.496
-2.812	-3.067	20.031
-2.837	-3.260	19.583
-2.880	-3.466	19.153
-2.938	-3.687	18.742
-3.013	-3.922	18.351
-3.104	-4.173	17.980
-3.211	-4.442	17.630
-3.334	-4.731	17.302
-3.474	-5.040	16.999
-3.630	-5.372	16.720
-3.805	-5.728	16.469
-3.997	-6.109	16.248
-4.208	-6.518	16.059
-4.439	-6.955	15.905
-4.691	-7.423	15.790
-4.964	-7.921	15.717
-5.260	-8.452	15.691
-5.579	-9.015	15.717
-5.922	-9.610	15.801
-6.291	-10.236	15.949
-6.686	-10.892	16.167
-7.106	-11.574	16.464
-7.553	-12.278	16.848
-8.026	-12.998	17.326
-8.523	-13.724	17.907
-9.043	-14.447	18.599
-9.583	-15.153	19.410
-10.140	-15.825	20.344
-10.709	-16.443	21.406
-11.282	-16.984	22.596
-11.852	-17.424	23.910
-12.409	-17.735	25.337
-12.942	-17.888	26.863
-13.437	-17.856	28.461
-13.879	-17.616	30.102
-14.252	-17.148	31.744
-14.542	-16.443	33.341
-14.732	-15.502	34.843
-14.809	-14.338	36.198
-14.762	-12.981	37.356
-14.584	-11.470	38.276
-14.272	-9.857	38.928
-13.831	-8.199	39.297
-13.268	-6.554	39.383
-12.596	-4.979	39.202
-11.835	-3.518	38.784
-11.003	-2.206	38.166
-10.123	-1.066	37.391
-9.217	-0.104	36.502
-8.306	0.680	35.538
-7.408	1.300	34.534
-6.537	1.771	33.517
-5.706	2.113	32.507
-4.924	2.349	31.520
-4.197	2.499	30.563
-3.527	2.582	29.643
-2.916	2.614	28.762
-2.363	2.610	27.919
-1.866	2.582	27.113
-1.421	2.540	26.341
-1.025	2.491	25.603
-0.673	2.441	24.895
-0.362	2.396	24.214
-0.086	2.358	23.560
0.158	2.331	22.930
0.376	2.316	22.322
0.570	2.314	21.735
0.744	2.326	21.169
0.902	2.354	20.622
1.047	2.397	20.093
1.182	2.456	19.582
1.310	2.531	19.089
1.432	2.622	18.613
1.551	2.730	18.154
1.669	2.856	17.713
1.787	2.999	17.288
1.909	3.160	16.881
2.034	3.341	16.491
2.164	3.541	16.119
2.302	3.763	15.766
2.448	4.007	15.432
2.604	4.275	15.118
2.771	4.568	14.827
2.951	4.887	14.558
3.144	5.235	14.314
3.353	5.613	14.097
3.579	6.023	13.909
3.824	6.467	13.754
4.088	6.947	13.634
4.374	7.465	13.555
4.683	8.022	13.520
5.017	8.620	13.535
5.377	9.260	13.606
5.766	9.941	13.742
6.183	10.664	13.948
6.631	11.426	14.236
7.111	12.224	14.614
7.622	13.054	15.093
8.165	13.907	15.686
8.739	14.773	16.403
9.343	15.639	17.257
9.972	16.487	18.258
10.624	17.293	19.415
11.291	18.032	20.734
11.965	18.672	22.217
12.636	19.178	23.859
13.290	19.509	25.646
13.912	19.627	27.555
14.483	19.493	29.551
14.984	19.073	31.586
15.393	18.345	33.601
15.688	17.299	35.529
15.849	15.945	37.296
15.859	14.312	38.828
15.704	12.452	40.063
15.379	10.433	40.950
14.884	8.337	41.462
14.230	6.250	41.598
13.432	4.253	41.378
12.514	2.413	40.846
11.504	0.782	40.058
10.432	-0.613	39.080
9.327	-1.763	37.974
8.218	-2.676	36.797
7.129	-3.372	35.596
6.079	-3.880	34.406
5.083	-4.230	33.253
4.151	-4.455	32.151
3.291	-4.583	31.109
2.503	-4.639	30.128
1.789	-4.646	29.209
1.146	-4.621	28.347
0.569	-4.579	27.538
0.054	-4.531	26.777
-0.404	-4.485	26.061
-0.812	-4.448	25.384
-1.176	-4.424	24.743
-1.501	-4.418	24.136
-1.792	-4.432	23.558
-2.056	-4.468	23.009
-2.298	-4.526	22.488
-2.520	-4.607	21.992
-2.729	-4.712	21.522
-2.927	-4.842	21.076
-3.119	-4.996	20.656
-3.307	-5.175	20.261
-3.493	-5.379	19.892
-3.682	-5.609	19.549
-3.875	-5.864	19.235
-4.074	-6.145	18.949
-4.281	-6.452	18.694
-4.498	-6.786	18.472
-4.727	-7.147	18.284
-4.969	-7.534	18.134
-5.225	-7.949	18.025
-5.498	-8.391	17.960
-5.787	-8.859	17.942
-6.094	-9.353	17.977
-6.420	-9.870	18.067
-6.765	-10.409	18.219
-7.129	-10.966	18.437
-7.513	-11.539	18.728
-7.916	-12.120	19.095
-8.336	-12.704	19.545
-8.773	-13.281	20.083
-9.224	-13.843	20.713
-9.686	-14.377	21.437
-10.155	-14.869	22.258
-10.626	-15.303	23.174
-11.094	-15.663	24.182
-11.551	-15.930	25.275
-11.989	-16.085	26.441
-12.398	-16.111	27.664
-12.770	-15.992	28.924
-13.092	-15.714	30.195
-13.354	-15.269	31.447
-13.546	-14.656	32.647
-13.657	-13.880	33.762
-13.679	-12.954	34.757
-13.607	-11.901	35.603
-13.436	-10.747	36.272
-13.167	-9.528	36.749
-12.803	-8.281	37.024
-12.351	-7.043	37.097
-11.820	-5.849	36.977
-11.223	-4.729	36.683
-10.574	-3.708	36.235
-9.887	-2.800	35.661
-9.178	-2.014	34.987
-8.462	-1.353	34.239
-7.751	-0.811	33.440
-7.057	-0.382	32.611
-6.389	-0.052	31.768
-5.756	0.189	30.925
-5.161	0.355	30.089
-4.610	0.460	29.268
-4.103	0.513	28.467
-3.641	0.527	27.687
-3.224	0.511	26.929
-2.851	0.471	26.194
-2.519	0.415	25.483
-2.225	0.347	24.793
-1.968	0.273	24.124
-1.744	0.194	23.475
-1.550	0.113	22.846
-1.384	0.032	22.235
-1.242	-0.048	21.641
-1.123	-0.127	21.065
-1.023	-0.204	20.505
-0.941	-0.278	19.960
-0.875	-0.351	19.430
-0.823	-0.423	18.915
-0.783	-0.493	18.414
-0.754	-0.563	17.927
-0.735	-0.633	17.453
-0.724	-0.705	16.992
-0.722	-0.777	16.544
-0.728	-0.852	16.109
-0.740	-0.930	15.685
-0.759	-1.012	15.274
-0.785	-1.099	14.874
-0.816	-1.191	14.486
-0.854	-1.289	14.110
-0.897	-1.395	13.745
-0.947	-1.509	13.391
-1.003	-1.632	13.048
-1.066	-1.766	12.716
-1.136	-1.911	12.396
-1.213	-2.069	12.087
-1.299	-2.241	11.790
-1.393	-2.430	11.505
-1.497	-2.635	11.232
-1.611	-2.860	10.972
-1.736	-3.105	10.725
-1.873	-3.374	10.493
-2.023	-3.668	10.276
-2.187	-3.990	10.076
-2.368	-4.342	9.895
-2.565	-4.727	9.734
-2.781	-5.149	9.596
-3.018	-5.609	9.483
-3.277	-6.112	9.399
-3.561	-6.660	9.349
-3.871	-7.258	9.337
-4.209	-7.908	9.369
-4.579	-8.613	9.452
-4.982	-9.376	9.594
-5.422	-10.199	9.805
-5.900	-11.084	10.097
-6.418	-12.029	10.482
-6.979	-13.033	10.974
-7.584	-14.091	11.591
-8.235	-15.195	12.351
-8.931	-16.331	13.273
-9.671	-17.483	14.377
-10.452	-18.626	15.685
-11.270	-19.727	17.213
-12.115	-20.745	18.977
-12.978	-21.631	20.985
-13.844	-22.325	23.233
-14.692	-22.762	25.704
-15.499	-22.872	28.362
-16.236	-22.587	31.151
-16.871	-21.849	33.987
-17.369	-20.621	36.767
-17.694	-18.892	39.369
-17.814	-16.691	41.661
-17.702	-14.091	43.524
-17.341	-11.202	44.857
-16.727	-8.167	45.604
-15.871	-5.140	45.754
-14.798	-2.271	45.349
-13.545	0.319	44.476
-12.159	2.547	43.247
-10.688	4.376	41.784
-9.182	5.805	40.202
-7.683	6.867	38.597
-6.228	7.613	37.040
-4.844	8.100	35.578
-3.550	8.386	34.237
-2.356	8.523	33.027
-1.268	8.557	31.945
-0.286	8.521	30.985
0.595	8.444	30.134
1.380	8.347	29.381
2.077	8.245	28.712
2.693	8.147	28.118
3.239	8.063	27.588
3.721	7.995	27.113
4.149	7.949	26.688
4.529	7.923	26.306
4.868	7.921	25.963
5.173	7.941	25.656
5.450	7.983	25.383
5.703	8.046	25.141
5.938	8.128	24.930
6.157	8.229	24.747
6.364	8.347	24.594
6.562	8.480	24.470
6.754	8.627	24.373
6.941	8.786	24.306
7.126	8.955	24.268
7.309	9.131	24.259
7.491	9.313	24.279
7.673	9.499	24.330
7.856	9.685	24.410
8.039	9.870	24.520
8.222	10.052	24.659
8.405	10.226	24.828
8.587	10.390	25.025
8.767	10.542	25.250
8.945	10.677	25.501
9.118	10.794	25.776
9.286	10.889	26.073
9.446	10.959	26.389
9.597	11.002	26.720
9.738	11.014	27.063
9.865	10.995	27.414
9.978	10.943	27.768
10.075	10.857	28.119
10.153	10.736	28.463
10.211	10.582	28.794
10.248	10.395	29.107
10.263	10.178	29.396
10.255	9.932	29.657
10.222	9.663	29.885
10.166	9.374	30.075
10.087	9.069	30.226
9.985	8.754	30.335
9.862	8.433	30.400
9.719	8.112	30.421
9.559	7.796	30.399
9.382	7.488	30.333
9.193	7.195	30.227
8.993	6.918	30.082
8.786	6.662	29.902
8.573	6.428	29.690
8.359	6.219	29.449
8.145	6.035	29.184
7.934	5.879	28.897
7.728	5.749	28.593
7.530	5.645	28.275
7.342	5.568	27.946
7.164	5.516	27.609
7.000	5.489	27.268
6.849	5.486	26.925
6.712	5.504	26.583
6.591	5.544	26.244
6.487	5.605	25.909
6.399	5.684	25.582
6.327	5.782	25.264
6.273	5.897	24.956
6.235	6.029	24.660
6.215	6.177	24.378
6.211	6.341	24.112
6.224	6.519	23.863
6.253	6.711	23.632
6.299	6.917	23.422
6.361	7.136	23.233
6.438	7.368	23.067
6.531	7.612	22.927
6.639	7.867	22.812
6.762	8.133	22.726
6.899	8.408	22.670
7.050	8.692	22.646
7.214	8.982	22.655
7.391	9.278	22.699
7.580	9.577	22.779
7.780	9.877	22.898
7.989	10.175	23.055
8.208	10.469	23.254
8.434	10.754	23.493
8.666	11.026	23.773
8.902	11.282	24.095
9.140	11.517	24.457
9.378	11.726	24.857
9.613	11.903	25.294
9.842	12.044	25.764
10.062	12.144	26.262
10.270	12.197	26.783
10.463	12.200	27.322
10.637	12.149	27.870
10.788	12.042	28.419
10.913	11.876	28.960
11.009	11.652	29.484
11.074	11.373	29.981
11.104	11.040	30.440
11.097	10.658	30.854
11.053	10.235	31.214
10.971	9.777	31.513
10.852	9.294	31.746
10.696	8.795	31.908
10.506	8.289	31.998
10.284	7.786	32.015
10.034	7.295	31.962
9.761	6.824	31.842
9.467	6.381	31.659
9.158	5.971	31.419
8.840	5.598	31.128
8.515	5.266	30.792
8.191	4.975	30.420
7.869	4.727	30.016
7.555	4.521	29.588
7.251	4.356	29.140
6.962	4.230	28.679
6.689	4.141	28.209
6.434	4.085	27.733
6.199	4.061	27.257
5.985	4.067	26.782
5.793	4.099	26.311
5.624	4.156	25.847
5.477	4.236	25.391
5.353	4.336	24.946
5.251	4.456	24.513
5.172	4.595	24.093
5.114	4.751	23.688
5.078	4.924	23.300
5.062	5.113	22.928
5.068	5.319	22.576
5.093	5.541	22.243
5.137	5.778	21.932
5.202	6.032	21.644
5.285	6.303	21.381
5.386	6.589	21.144
5.507	6.893	20.935
5.645	7.213	20.756
5.802	7.550	20.610
5.977	7.903	20.498
6.169	8.272	20.424
6.380	8.657	20.390
6.607	9.056	20.398
6.852	9.468	20.453
7.114	9.890	20.556
7.391	10.321	20.712
7.684	10.756	20.922
7.992	11.193	21.191
8.312	11.625	21.520
8.643	12.047	21.912
8.983	12.453	22.369
9.330	12.834	22.891
9.681	13.182	23.478
10.031	13.488	24.129
10.377	13.742	24.838
10.713	13.932	25.602
11.035	14.050	26.412
11.337	14.085	27.258
11.611	14.028	28.128
11.853	13.873	29.006
12.055	13.615	29.877
12.211	13.253	30.722
12.315	12.788	31.521
12.362	12.226	32.255
12.349	11.578	32.906
12.272	10.856	33.459
12.130	10.078	33.899
11.925	9.262	34.217
11.659	8.428	34.409
11.336	7.596	34.474
10.962	6.786	34.416
10.544	6.015	34.242
10.091	5.297	33.963
9.612	4.642	33.592
9.115	4.058	33.142
8.609	3.549	32.628
8.103	3.115	32.064
7.604	2.754	31.461
7.119	2.464	30.832
6.654	2.238	30.185
6.212	2.070	29.529
5.798	1.954	28.870
5.413	1.884	28.213
5.061	1.854	27.563
4.740	1.857	26.922
4.452	1.890	26.292
4.195	1.947	25.675
3.971	2.025	25.072
3.776	2.121	24.484
3.611	2.233	23.911
3.473	2.358	23.354
3.361	2.496	22.813
3.275	2.645	22.289
3.212	2.806	21.781
3.171	2.977	21.290
3.152	3.160	20.817
3.153	3.355	20.361
3.173	3.562	19.924
3.212	3.783	19.506
3.269	4.018	19.107
3.344	4.269	18.729
3.436	4.536	18.372
3.546	4.821	18.038
3.674	5.126	17.728
3.819	5.452	17.444
3.982	5.801	17.187
4.164	6.174	16.960
4.365	6.572	16.764
4.586	6.996	16.604
4.827	7.449	16.482
5.089	7.931	16.402
5.373	8.441	16.369
5.680	8.982	16.386
6.010	9.552	16.459
6.364	10.150	16.594
6.743	10.774	16.798
7.146	11.422	17.076
7.574	12.089	17.437
8.025	12.768	17.888
8.499	13.452	18.435
8.995	14.130	19.087
9.508	14.790	19.849
10.036	15.418	20.726
10.575	15.993	21.720
11.116	16.497	22.833
11.655	16.907	24.058
12.180	17.197	25.386
12.682	17.344	26.804
13.148	17.322	28.289
13.565	17.111	29.812
13.920	16.694	31.338
14.197	16.062	32.826
14.384	15.217	34.231
14.467	14.168	35.507
14.437	12.940	36.610
14.287	11.568	37.502
14.015	10.095	38.154
13.623	8.571	38.552
13.118	7.047	38.691
12.511	5.574	38.584
11.817	4.195	38.253
11.055	2.941	37.728
10.244	1.836	37.047
9.403	0.891	36.247
8.552	0.107	35.365
7.707	-0.524	34.431
6.884	-1.015	33.472
6.094	-1.381	32.510
5.347	-1.642	31.559
4.648	-1.816	30.629
4.001	-1.920	29.728
3.409	-1.970	28.858
2.871	-1.980	28.022
2.386	-1.960	27.218
1.952	-1.922	26.445
1.564	-1.873	25.702
1.221	-1.818	24.988
0.917	-1.763	24.299
0.649	-1.711	23.635
0.413	-1.666	22.994
0.205	-1.629	22.374
0.021	-1.601	21.774
-0.141	-1.584	21.193
-0.285	-1.577	20.630
-0.414	-1.583	20.084
-0.531	-1.599	19.555
-0.638	-1.628	19.042
-0.737	-1.669	18.545
-0.830	-1.722	18.062
-0.919	-1.787	17.595
-1.006	-1.865	17.142
-1.092	-1.956	16.704
-1.178	-2.060	16.280
-1.267	-2.177	15.870
-1.358	-2.309	15.474
-1.453	-2.456	15.093
-1.553	-2.619	14.726
-1.660	-2.799	14.374
-1.774	-2.997	14.037
-1.896	-3.215	13.716
-2.028	-3.453	13.411
-2.170	-3.715	13.124
-2.325	-4.000	12.854
-2.492	-4.313	12.605
-2.674	-4.653	12.376
-2.872	-5.024	12.170
-3.087	-5.429	11.990
-3.322	-5.869	11.838
-3.576	-6.347	11.717
-3.853	-6.866	11.632
-4.155	-7.428	11.586
-4.482	-8.036	11.586
-4.837	-8.691	11.637
-5.223	-9.396	11.747
-5.640	-10.150	11.925
-6.091	-10.956	12.179
-6.577	-11.810	12.522
-7.101	-12.710	12.965
-7.662	-13.650	13.521
-8.260	-14.623	14.207
-8.897	-15.616	15.036
-9.569	-16.613	16.024
-10.273	-17.593	17.186
-11.005	-18.528	18.535
-11.757	-19.384	20.080
-12.520	-20.122	21.824
-13.280	-20.694	23.761
-14.022	-21.050	25.876
-14.724	-21.137	28.137
-15.366	-20.906	30.499
-15.920	-20.313	32.898
-16.359	-19.330	35.255
-16.656	-17.950	37.477
-16.785	-16.192	39.467
-16.726	-14.105	41.132
-16.464	-11.767	42.395
-15.994	-9.280	43.202
-15.323	-6.756	43.534
-14.466	-4.308	43.408
-13.450	-2.036	42.874
-12.309	-0.015	42.004
-11.079	1.709	40.886
-9.801	3.120	39.606
-8.509	4.226	38.244
-7.235	5.055	36.865
-6.006	5.646	35.516
-4.841	6.041	34.230
-3.753	6.282	33.025
-2.749	6.408	31.908
-1.833	6.451	30.881
-1.005	6.440	29.939
-0.261	6.395	29.076
0.405	6.334	28.284
0.998	6.269	27.556
1.525	6.211	26.883
1.994	6.166	26.261
2.411	6.139	25.684
2.784	6.133	25.147
3.119	6.151	24.647
3.422	6.194	24.182
3.699	6.263	23.749
3.955	6.358	23.347
4.196	6.478	22.976
4.424	6.624	22.635
4.644	6.795	22.325
4.859	6.991	22.045
5.072	7.210	21.797
5.286	7.453	21.581
5.503	7.718	21.400
5.724	8.004	21.254
5.952	8.310	21.145
6.188	8.635	21.076
6.433	8.977	21.048
6.687	9.334	21.064
6.952	9.705	21.127
7.227	10.085	21.238
7.513	10.473	21.400
7.809	10.864	21.617
8.114	11.254	21.889
8.428	11.638	22.218
8.749	12.009	22.606
9.075	12.360	23.054
9.404	12.686	23.561
9.732	12.976	24.126
10.056	13.223	24.745
10.373	13.418	25.415
10.678	13.552	26.129
10.965	13.617	26.880
11.230	13.603	27.656
11.468	13.506	28.446
11.671	13.320	29.236
11.836	13.042	30.011
11.957	12.674	30.755
12.028	12.218	31.450
12.047	11.680	32.081
12.011	11.072	32.633
11.917	10.405	33.092
11.766	9.694	33.450
11.558	8.956	33.698
11.298	8.208	33.835
10.989	7.466	33.860
10.637	6.748	33.777
10.248	6.066	33.594
9.830	5.432	33.320
9.390	4.854	32.966
8.936	4.340	32.542
8.477	3.890	32.062
8.018	3.507	31.537
7.567	3.188	30.977
7.129	2.931	30.392
6.709	2.731	29.791
6.311	2.584	29.180
5.939	2.484	28.565
5.593	2.425	27.951
5.276	2.404	27.341
4.989	2.414	26.739
4.732	2.453	26.146
4.504	2.516	25.565
4.305	2.601	24.996
4.135	2.704	24.442
3.992	2.824	23.902
3.875	2.960	23.377
3.783	3.109	22.869
3.716	3.272	22.376
3.672	3.448	21.901
3.649	3.638	21.444
3.648	3.841	21.005
3.667	4.058	20.585
3.706	4.289	20.185
3.765	4.536	19.805
3.842	4.799	19.448
3.938	5.079	19.114
4.052	5.379	18.804
4.184	5.697	18.520
4.336	6.037	18.265
4.506	6.399	18.040
4.695	6.784	17.847
4.904	7.192	17.690
5.133	7.626	17.571
5.382	8.085	17.493
5.652	8.570	17.462
5.944	9.080	17.481
6.258	9.614	17.554
6.593	10.172	17.688
6.951	10.750	17.887
7.331	11.345	18.157
7.733	11.954	18.505
8.155	12.568	18.936
8.596	13.182	19.456
9.055	13.784	20.070
9.528	14.365	20.783
10.011	14.909	21.597
10.501	15.401	22.514
10.991	15.823	23.531
11.474	16.156	24.642
11.942	16.379	25.839
12.386	16.474	27.106
12.795	16.420	28.423
13.157	16.201	29.766
13.462	15.807	31.104
13.696	15.231	32.403
13.850	14.476	33.625
13.912	13.552	34.733
13.876	12.480	35.692
13.737	11.288	36.472
13.492	10.011	37.050
13.144	8.690	37.413
12.698	7.366	37.557
12.165	6.079	37.491
11.556	4.863	37.230
10.887	3.748	36.800
10.173	2.752	36.226
9.431	1.888	35.540
8.677	1.158	34.771
7.925	0.559	33.944
7.188	0.082	33.083
6.478	-0.284	32.207
5.801	-0.554	31.329
5.166	-0.741	30.462
4.575	-0.861	29.611
4.032	-0.926	28.782
3.536	-0.948	27.977
3.087	-0.938	27.198
2.685	-0.904	26.444
2.326	-0.853	25.714
2.008	-0.791	25.009
1.728	-0.723	24.326
1.483	-0.653	23.665
1.269	-0.582	23.024
1.084	-0.513	22.403
0.925	-0.447	21.800
0.787	-0.385	21.214
0.670	-0.328	20.645
0.570	-0.275	20.093
0.486	-0.228	19.555
0.414	-0.184	19.033
0.355	-0.145	18.524
0.305	-0.110	18.030
0.263	-0.079	17.549
0.229	-0.050	17.081
0.201	-0.025	16.625
0.178	-0.002	16.182
0.160	0.019	15.750
0.146	0.039	15.330
0.135	0.057	14.921
0.128	0.074	14.524
0.122	0.090	14.136
0.119	0.106	13.759
0.118	0.122	13.393
0.118	0.138	13.036
0.120	0.155	12.688
0.124	0.171	12.350
0.128	0.189	12.021
0.135	0.208	11.701
0.142	0.228	11.389
0.150	0.249	11.086
0.160	0.272	10.790
0.171	0.297	10.503
0.184	0.324	10.223
0.198	0.353	9.951
0.213	0.385	9.687
0.231	0.421	9.429
0.250	0.459	9.179
0.271	0.502	8.935
0.294	0.548	8.698
0.319	0.599	8.468
0.347	0.656	8.244
0.378	0.718	8.026
0.412	0.786	7.815
0.449	0.862	7.610
0.491	0.945	7.411
0.536	1.036	7.218
0.586	1.137	7.031
0.641	1.249	6.850
0.702	1.372	6.675
0.769	1.508	6.507
0.843	1.658	6.345
0.924	1.824	6.190
1.014	2.007	6.042
1.114	2.210	5.901
1.223	2.434	5.768
1.344	2.681	5.644
1.478	2.955	5.530
1.626	3.258	5.426
1.789	3.592	5.334
1.969	3.962	5.256
2.168	4.370	5.194
2.389	4.821	5.150
2.632	5.318	5.128
2.901	5.867	5.131
3.197	6.472	5.165
3.525	7.137	5.234
3.886	7.868	5.346
4.284	8.670	5.509
4.723	9.547	5.734
5.205	10.503	6.032
5.735	11.541	6.417
6.316	12.664	6.908
6.950	13.869	7.524
7.642	15.154	8.287
8.393	16.508	9.224
9.205	17.919	10.364
10.076	19.364	11.737
11.005	20.809	13.375
11.985	22.210	15.308
13.008	23.509	17.562
14.058	24.632	20.152
15.115	25.489	23.077
16.153	25.978	26.314
17.135	25.990	29.809
18.021	25.421	33.467
18.761	24.181	37.156
19.303	22.222	40.702
19.595	19.548	43.906
19.590	16.236	46.565
19.255	12.436	48.504
18.573	8.364	49.605
17.552	4.268	49.836
16.223	0.392	49.256
14.640	-3.060	48.006
12.870	-5.958	46.278
10.987	-8.251	44.277
9.064	-9.957	42.190
7.162	-11.143	40.162
5.331	-11.903	38.293
3.608	-12.333	36.637
2.014	-12.521	35.215
0.560	-12.541	34.024
-0.750	-12.449	33.047
-1.920	-12.287	32.259
-2.957	-12.082	31.634
-3.869	-11.854	31.148
-4.668	-11.614	30.776
-5.362	-11.368	30.498
-5.963	-11.120	30.294
-6.479	-10.872	30.149
-6.918	-10.625	30.050
-7.289	-10.376	29.983
-7.597	-10.128	29.940
-7.851	-9.879	29.911
-8.053	-9.631	29.889
-8.211	-9.382	29.868
-8.328	-9.135	29.841
-8.409	-8.890	29.807
-8.457	-8.650	29.759
-8.476	-8.414	29.697
-8.470	-8.186	29.618
-8.442	-7.967	29.522
-8.394	-7.759	29.407
-8.331	-7.563	29.274
-8.254	-7.382	29.124
-8.167	-7.215	28.957
-8.072	-7.065	28.774
-7.971	-6.932	28.577
-7.867	-6.816	28.367
-7.762	-6.719	28.147
-7.658	-6.641	27.918
-7.556	-6.581	27.682
-7.458	-6.539	27.441
-7.366	-6.515	27.197
-7.281	-6.509	26.952
-7.204	-6.520	26.707
-7.136	-6.548	26.464
-7.077	-6.593	26.226
-7.029	-6.652	25.993
-6.991	-6.727	25.768
-6.965	-6.815	25.551
-6.950	-6.918	25.344
-6.946	-7.033	25.149
-6.955	-7.161	24.967
-6.976	-7.300	24.799
-7.008	-7.451	24.647
-7.052	-7.611	24.512
-7.108	-7.781	24.395
-7.176	-7.959	24.298
-7.254	-8.146	24.221
-7.343	-8.338	24.166
-7.443	-8.536	24.134
-7.552	-8.739	24.125
-7.671	-8.944	24.142
-7.798	-9.150	24.184
-7.933	-9.357	24.253
-8.076	-9.560	24.348
-8.224	-9.760	24.471
-8.378	-9.952	24.621
-8.535	-10.136	24.798
-8.695	-10.308	25.002
-8.856	-10.465	25.232
-9.017	-10.606	25.486
-9.176	-10.726	25.763
-9.331	-10.824	26.060
-9.480	-10.897	26.375
-9.622	-10.942	26.705
-9.754	-10.957	27.045
-9.874	-10.941	27.393
-9.981	-10.892	27.743
-10.072	-10.808	28.090
-10.146	-10.691	28.430
-10.200	-10.541	28.756
-10.234	-10.358	29.065
-10.247	-10.146	29.350
-10.237	-9.906	29.607
-10.204	-9.642	29.831
-10.147	-9.359	30.019
-10.069	-9.061	30.169
-9.968	-8.752	30.276
-9.846	-8.437	30.341
-9.705	-8.122	30.363
-9.547	-7.812	30.342
-9.373	-7.510	30.278
-9.187	-7.221	30.175
-8.990	-6.949	30.034
-8.786	-6.697	29.857
-8.577	-6.467	29.650
-8.366	-6.261	29.414
-8.156	-6.080	29.153
-7.948	-5.925	28.872
-7.746	-5.796	28.573
-7.551	-5.694	28.260
-7.365	-5.618	27.936
-7.191	-5.566	27.605
-7.028	-5.539	27.269
-6.879	-5.535	26.931
-6.745	-5.553	26.594
-6.626	-5.592	26.259
-6.522	-5.652	25.929
-6.435	-5.730	25.606
-6.365	-5.827	25.292
-6.311	-5.941	24.989
-6.274	-6.072	24.697
-6.254	-6.218	24.420
-6.250	-6.380	24.157
-6.263	-6.556	23.912
-6.293	-6.747	23.685
-6.338	-6.951	23.478
-6.399	-7.168	23.292
-6.476	-7.398	23.130
-6.568	-7.639	22.992
-6.675	-7.892	22.881
-6.797	-8.154	22.797
-6.933	-8.426	22.744
-7.082	-8.707	22.721
-7.245	-8.993	22.732
-7.419	-9.285	22.777
-7.606	-9.580	22.859
-7.803	-9.875	22.978
-8.010	-10.168	23.136
-8.226	-10.456	23.333
-8.449	-10.735	23.571
-8.678	-11.002	23.850
-8.910	-11.252	24.169
-9.144	-11.481	24.527
-9.378	-11.684	24.922
-9.609	-11.856	25.354
-9.833	-11.991	25.817
-10.049	-12.086	26.307
-10.253	-12.135	26.820
-10.441	-12.135	27.349
-10.611	-12.082	27.887
-10.758	-11.973	28.425
-10.879	-11.807	28.955
-10.972	-11.585	29.468
-11.033	-11.308	29.953
-11.061	-10.980	30.402
-11.053	-10.604	30.806
-11.008	-10.188	31.156
-10.926	-9.739	31.447
-10.807	-9.265	31.672
-10.653	-8.775	31.829
-10.465	-8.280	31.915
-10.247	-7.787	31.931
-10.001	-7.306	31.877
-9.731	-6.846	31.758
-9.443	-6.412	31.577
-9.140	-6.010	31.340
-8.827	-5.644	31.054
-8.508	-5.318	30.724
-8.189	-5.033	30.357
-7.874	-4.790	29.960
-7.565	-4.588	29.538
-7.268	-4.426	29.097
-6.983	-4.302	28.643
-6.715	-4.214	28.180
-6.465	-4.159	27.711
-6.234	-4.136	27.241
-6.025	-4.142	26.773
-5.836	-4.175	26.308
-5.670	-4.232	25.850
-5.526	-4.312	25.401
-5.405	-4.412	24.962
-5.306	-4.532	24.535
-5.228	-4.671	24.121
-5.173	-4.827	23.722
-5.138	-5.000	23.339
-5.124	-5.189	22.973
-5.131	-5.395	22.627
-5.157	-5.617	22.300
-5.203	-5.854	21.995
-5.268	-6.108	21.713
-5.352	-6.378	21.456
-5.455	-6.665	21.225
-5.576	-6.968	21.023
-5.715	-7.287	20.851
-5.872	-7.623	20.711
-6.047	-7.975	20.606
-6.240	-8.342	20.539
-6.450	-8.724	20.512
-6.678	-9.120	20.528
-6.922	-9.528	20.589
-7.182	-9.945	20.700
-7.459	-10.370	20.862
-7.750	-10.799	21.079
-8.055	-11.227	21.354
-8.372	-11.650	21.689
-8.700	-12.062	22.086
-9.036	-12.456	22.546
-9.378	-12.824	23.071
-9.723	-13.158	23.658
-10.066	-13.449	24.307
-10.405	-13.686	25.012
-10.733	-13.860	25.769
-11.045	-13.961	26.570
-11.337	-13.979	27.403
-11.601	-13.907	28.257
-11.832	-13.738	29.117
-12.023	-13.469	29.966
-12.167	-13.098	30.786
-12.260	-12.628	31.559
-12.297	-12.065	32.266
-12.274	-11.420	32.889
-12.188	-10.706	33.413
-12.040	-9.939	33.827
-11.830	-9.138	34.122
-11.561	-8.322	34.293
-11.237	-7.511	34.341
-10.864	-6.724	34.269
-10.450	-5.975	34.085
-10.003	-5.280	33.801
-9.530	-4.647	33.428
-9.042	-4.083	32.979
-8.546	-3.592	32.469
-8.051	-3.174	31.910
-7.563	-2.828	31.315
-7.090	-2.549	30.693
-6.635	-2.332	30.056
-6.205	-2.172	29.409
-5.802	-2.063	28.759
-5.428	-1.999	28.112
-5.085	-1.972	27.471
-4.774	-1.980	26.839
-4.494	-2.015	26.218
-4.246	-2.075	25.609
-4.029	-2.156	25.014
-3.842	-2.255	24.434
-3.683	-2.369	23.869
-3.552	-2.498	23.320
-3.446	-2.639	22.787
-3.366	-2.792	22.270
-3.308	-2.957	21.770
-3.273	-3.134	21.287
-3.259	-3.322	20.822
-3.266	-3.523	20.375
-3.291	-3.737	19.947
-3.336	-3.964	19.538
-3.399	-4.207	19.149
-3.479	-4.466	18.782
-3.578	-4.742	18.436
-3.694	-5.036	18.114
-3.829	-5.351	17.817
-3.981	-5.688	17.547
-4.152	-6.047	17.306
-4.341	-6.430	17.095
-4.550	-6.839	16.918
-4.779	-7.275	16.778
-5.029	-7.739	16.679
-5.300	-8.231	16.623
-5.593	-8.751	16.616
-5.909	-9.301	16.662
-6.248	-9.877	16.768
-6.611	-10.480	16.938
-6.998	-11.107	17.179
-7.409	-11.753	17.498
-7.843	-12.414	17.902
-8.300	-13.082	18.398
-8.778	-13.748	18.993
-9.275	-14.401	19.694
-9.788	-15.027	20.504
-10.312	-15.611	21.428
-10.842	-16.132	22.467
-11.371	-16.571	23.617
-11.891	-16.904	24.871
-12.392	-17.107	26.218
-12.863	-17.156	27.638
-13.293	-17.031	29.108
-13.667	-16.714	30.596
-13.971	-16.192	32.064
-14.193	-15.462	33.471
-14.320	-14.531	34.773
-14.341	-13.416	35.927
-14.249	-12.145	36.893
-14.038	-10.756	37.640
-13.710	-9.295	38.146
-13.269	-7.811	38.403
-12.723	-6.353	38.415
-12.086	-4.964	38.199
-11.374	-3.682	37.780
-10.605	-2.533	37.192
-9.797	-1.533	36.469
-8.971	-0.688	35.646
-8.143	0.005	34.757
-7.328	0.555	33.830
-6.539	0.977	32.887
-5.788	1.287	31.946
-5.080	1.502	31.020
-4.422	1.641	30.116
-3.816	1.718	29.241
-3.262	1.748	28.395
-2.761	1.744	27.581
-2.311	1.715	26.798
-1.908	1.670	26.043
-1.551	1.616	25.317
-1.234	1.558	24.617
-0.955	1.500	23.941
-0.709	1.447	23.288
-0.494	1.399	22.657
-0.304	1.358	22.046
-0.138	1.327	21.454
0.008	1.304	20.880
0.138	1.292	20.323
0.253	1.290	19.783
0.357	1.298	19.259
0.451	1.316	18.750
0.538	1.344	18.256
0.618	1.383	17.776
0.695	1.433	17.311
0.769	1.493	16.859
0.841	1.563	16.421
0.913	1.645	15.996
0.986	1.738	15.585
1.062	1.843	15.186
1.140	1.961	14.801
1.222	2.092	14.429
1.309	2.237	14.069
1.402	2.397	13.723
1.501	2.573	13.391
1.608	2.766	13.073
1.724	2.979	12.769
1.850	3.212	12.479
1.986	3.467	12.206
2.134	3.746	11.949
2.295	4.051	11.711
2.471	4.384	11.491
2.662	4.748	11.293
2.871	5.145	11.118
3.098	5.578	10.970
3.346	6.050	10.850
3.616	6.564	10.763
3.911	7.121	10.713
4.232	7.726	10.706
4.582	8.381	10.748
4.962	9.087	10.845
5.374	9.848	11.007
5.821	10.663	11.242
6.306	11.531	11.563
6.828	12.453	11.982
7.391	13.422	12.513
7.994	14.432	13.171
8.638	15.473	13.974
9.321	16.530	14.937
10.042	17.582	16.080
10.796	18.603	17.417
11.577	19.560	18.961
12.375	20.411	20.720
13.179	21.108	22.693
13.972	21.596	24.869
14.734	21.817	27.224
15.442	21.714	29.712
16.069	21.232	32.273
16.586	20.333	34.824
16.960	18.998	37.268
17.164	17.236	39.496
17.171	15.091	41.402
16.963	12.638	42.889
16.531	9.986	43.889
15.876	7.260	44.369
15.015	4.588	44.339
13.972	2.089	43.845
12.784	-0.145	42.968
11.491	-2.058	41.804
10.136	-3.623	40.452
8.760	-4.849	39.007
7.399	-5.765	37.542
6.083	-6.413	36.114
4.833	-6.843	34.761
3.666	-7.101	33.503
2.589	-7.232	32.349
1.607	-7.272	31.300
0.719	-7.252	30.348
-0.078	-7.197	29.487
-0.790	-7.123	28.706
-1.423	-7.047	27.997
-1.986	-6.976	27.350
-2.485	-6.919	26.760
-2.928	-6.881	26.218
-3.323	-6.864	25.720
-3.678	-6.871	25.262
-3.997	-6.903	24.842
-4.288	-6.961	24.455
-4.555	-7.043	24.101
-4.804	-7.150	23.779
-5.038	-7.281	23.489
-5.263	-7.436	23.229
-5.480	-7.613	23.001
-5.693	-7.810	22.805
-5.905	-8.028	22.641
-6.117	-8.264	22.512
-6.332	-8.517	22.417
-6.550	-8.786	22.359
-6.774	-9.067	22.338
-7.003	-9.360	22.356
-7.239	-9.662	22.416
-7.481	-9.969	22.517
-7.730	-10.280	22.663
-7.985	-10.590	22.853
-8.246	-10.895	23.089
-8.510	-11.191	23.372
-8.779	-11.473	23.701
-9.048	-11.735	24.076
-9.317	-11.973	24.496
-9.582	-12.180	24.958
-9.842	-12.350	25.460
-10.093	-12.476	25.996
-10.331	-12.554	26.562
-10.553	-12.577	27.151
-10.756	-12.540	27.754
-10.934	-12.441	28.363
-11.085	-12.277	28.967
-11.204	-12.047	29.555
-11.288	-11.753	30.117
-11.335	-11.396	30.640
-11.341	-10.983	31.115
-11.305	-10.520	31.531
-11.227	-10.015	31.879
-11.106	-9.480	32.154
-10.943	-8.924	32.349
-10.741	-8.358	32.463
-10.503	-7.796	32.495
-10.232	-7.245	32.447
-9.933	-6.718	32.323
-9.612	-6.221	32.129
-9.273	-5.762	31.870
-8.922	-5.346	31.554
-8.564	-4.975	31.190
-8.205	-4.652	30.784
-7.850	-4.377	30.345
-7.503	-4.149	29.879
-7.167	-3.967	29.394
-6.847	-3.827	28.895
-6.545	-3.728	28.386
-6.264	-3.665	27.873
-6.004	-3.637	27.359
-5.767	-3.639	26.848
-5.554	-3.669	26.342
-5.366	-3.724	25.843
-5.202	-3.803	25.354
-5.062	-3.902	24.876
-4.946	-4.021	24.410
-4.853	-4.159	23.958
-4.784	-4.313	23.521
-4.737	-4.484	23.100
-4.711	-4.672	22.696
-4.708	-4.875	22.311
-4.724	-5.094	21.946
-4.761	-5.329	21.601
-4.818	-5.580	21.279
-4.894	-5.848	20.980
-4.990	-6.133	20.707
-5.104	-6.436	20.461
-5.237	-6.756	20.244
-5.389	-7.095	20.058
-5.560	-7.452	19.905
-5.749	-7.828	19.789
-5.957	-8.221	19.711
-6.183	-8.633	19.675
-6.428	-9.061	19.684
-6.692	-9.505	19.742
-6.973	-9.963	19.851
-7.272	-10.431	20.017
-7.588	-10.908	20.242
-7.920	-11.387	20.530
-8.267	-11.865	20.884
-8.626	-12.335	21.308
-8.997	-12.789	21.804
-9.376	-13.218	22.373
-9.761	-13.614	23.016
-10.146	-13.964	23.731
-10.528	-14.258	24.515
-10.901	-14.482	25.362
-11.259	-14.625	26.264
-11.595	-14.674	27.210
-11.903	-14.619	28.186
-12.175	-14.450	29.175
-12.402	-14.163	30.156
-12.578	-13.754	31.109
-12.696	-13.225	32.009
-12.749	-12.584	32.834
-12.732	-11.842	33.563
-12.643	-11.015	34.176
-12.480	-10.124	34.657
-12.245	-9.192	34.997
-11.940	-8.243	35.189
-11.570	-7.303	35.235
-11.143	-6.393	35.140
-10.668	-5.533	34.915
-10.155	-4.740	34.574
-9.613	-4.025	34.134
-9.054	-3.395	33.610
-8.488	-2.853	33.022
-7.925	-2.398	32.383
-7.372	-2.027	31.710
-6.838	-1.733	31.014
-6.327	-1.510	30.305
-5.845	-1.349	29.592
-5.396	-1.242	28.882
-4.980	-1.182	28.179
-4.601	-1.162	27.486
-4.257	-1.174	26.807
-3.948	-1.213	26.142
-3.675	-1.274	25.493
-3.435	-1.353	24.860
-3.227	-1.448	24.243
-3.049	-1.554	23.644
-2.899	-1.672	23.060
-2.776	-1.798	22.494
-2.679	-1.933	21.944
-2.604	-2.076	21.411
-2.551	-2.227	20.894
-2.519	-2.386	20.393
-2.505	-2.553	19.910
-2.510	-2.731	19.443
-2.532	-2.918	18.993
-2.571	-3.117	18.560
-2.626	-3.329	18.145
-2.696	-3.554	17.749
-2.782	-3.795	17.371
-2.883	-4.053	17.014
-3.000	-4.329	16.677
-3.133	-4.625	16.362
-3.282	-4.943	16.071
-3.448	-5.286	15.804
-3.632	-5.653	15.565
-3.834	-6.048	15.355
-4.055	-6.473	15.178
-4.297	-6.928	15.035
-4.560	-7.416	14.932
-4.846	-7.937	14.872
-5.155	-8.494	14.860
-5.489	-9.087	14.902
-5.849	-9.715	15.003
-6.235	-10.378	15.171
-6.650	-11.074	15.414
-7.092	-11.800	15.739
-7.563	-12.552	16.156
-8.062	-13.322	16.675
-8.588	-14.102	17.304
-9.139	-14.879	18.054
-9.713	-15.639	18.932
-10.306	-16.364	19.946
-10.911	-17.030	21.101
-11.523	-17.613	22.396
-12.132	-18.082	23.828
-12.727	-18.407	25.387
-13.295	-18.556	27.053
-13.821	-18.496	28.798
-14.289	-18.201	30.587
-14.680	-17.649	32.372
-14.977	-16.831	34.100
-15.162	-15.749	35.711
-15.221	-14.423	37.147
-15.141	-12.886	38.351
-14.916	-11.190	39.280
-14.543	-9.396	39.901
-14.028	-7.571	40.204
-13.383	-5.783	40.194
-12.623	-4.093	39.896
-11.770	-2.551	39.349
-10.848	-1.190	38.600
-9.882	-0.028	37.699
-8.897	0.931	36.697
-7.914	1.695	35.635
-6.953	2.283	34.551
-6.029	2.715	33.471
-5.155	3.018	32.415
-4.338	3.215	31.395
-3.582	3.330	30.418
-2.891	3.384	29.488
-2.264	3.393	28.603
-1.698	3.373	27.764
-1.191	3.335	26.966
-0.738	3.289	26.207
-0.336	3.243	25.484
0.022	3.202	24.794
0.340	3.171	24.133
0.623	3.152	23.501
0.876	3.149	22.894
1.104	3.162	22.311
1.309	3.193	21.751
1.498	3.243	21.212
1.672	3.312	20.695
1.836	3.401	20.199
1.993	3.511	19.723
2.145	3.641	19.267
2.294	3.791	18.831
2.444	3.964	18.416
2.596	4.159	18.022
2.752	4.376	17.649
2.915	4.617	17.299
3.085	4.883	16.972
3.265	5.174	16.670
3.456	5.492	16.394
3.659	5.838	16.147
3.877	6.214	15.930
4.111	6.620	15.746
4.362	7.057	15.598
4.631	7.528	15.490
4.921	8.032	15.426
5.232	8.570	15.410
5.566	9.143	15.447
5.924	9.750	15.544
6.306	10.391	15.707
6.715	11.062	15.944
7.149	11.761	16.261
7.611	12.482	16.668
8.098	13.220	17.174
8.610	13.965	17.786
9.145	14.704	18.514
9.701	15.425	19.365
10.274	16.108	20.345
10.857	16.733	21.458
11.445	17.276	22.702
12.028	17.710	24.074
12.596	18.005	25.562
13.137	18.132	27.149
13.636	18.063	28.807
14.079	17.772	30.502
14.448	17.242	32.190
14.728	16.464	33.823
14.901	15.442	35.346
14.955	14.193	36.704
14.879	12.749	37.848
14.666	11.156	38.736
14.315	9.470	39.339
13.831	7.752	39.646
13.223	6.064	39.661
12.507	4.462	39.405
11.702	2.990	38.912
10.831	1.684	38.224
9.916	0.559	37.388
8.981	-0.377	36.446
8.045	-1.132	35.440
7.127	-1.719	34.404
6.243	-2.158	33.364
5.403	-2.472	32.340
4.615	-2.681	31.344
3.885	-2.809	30.384
3.216	-2.873	29.465
2.607	-2.892	28.587
2.057	-2.878	27.749
1.564	-2.844	26.950
1.123	-2.799	26.187
0.731	-2.751	25.457
0.382	-2.705	24.758
0.074	-2.666	24.087
-0.200	-2.636	23.443
-0.444	-2.619	22.823
-0.661	-2.616	22.226
-0.857	-2.628	21.651
-1.034	-2.656	21.096
-1.196	-2.700	20.561
-1.346	-2.762	20.045
-1.488	-2.842	19.548
-1.623	-2.939	19.069
-1.755	-3.055	18.608
-1.885	-3.189	18.165
-2.015	-3.343	17.741
-2.148	-3.516	17.335
-2.285	-3.710	16.948
-2.427	-3.925	16.581
-2.577	-4.163	16.234
-2.736	-4.425	15.909
-2.905	-4.711	15.606
-3.085	-5.024	15.326
-3.279	-5.365	15.073
-3.488	-5.735	14.847
-3.713	-6.137	14.651
-3.955	-6.571	14.488
-4.217	-7.040	14.361
-4.499	-7.544	14.275
-4.804	-8.086	14.234
-5.132	-8.667	14.243
-5.485	-9.286	14.308
-5.865	-9.944	14.436
-6.273	-10.641	14.634
-6.710	-11.373	14.911
-7.176	-12.137	15.277
-7.672	-12.929	15.740
-8.198	-13.740	16.313
-8.752	-14.561	17.004
-9.333	-15.378	17.825
-9.938	-16.174	18.785
-10.561	-16.928	19.891
-11.198	-17.615	21.148
-11.839	-18.206	22.557
-12.476	-18.668	24.111
-13.095	-18.967	25.797
-13.682	-19.065	27.593
-14.221	-18.931	29.466
-14.692	-18.533	31.372
-15.076	-17.852	33.258
-15.353	-16.881	35.063
-15.506	-15.628	36.719
-15.518	-14.119	38.163
-15.378	-12.401	39.337
-15.081	-10.534	40.195
-14.626	-8.589	40.712
-14.022	-6.644	40.882
-13.284	-4.771	40.724
-12.433	-3.033	40.272
-11.493	-1.477	39.575
-10.492	-0.132	38.689
-9.456	0.991	37.671
-8.411	1.895	36.573
-7.380	2.597	35.438
-6.383	3.120	34.302
-5.432	3.491	33.188
-4.540	3.738	32.113
-3.712	3.888	31.087
-2.952	3.963	30.114
-2.261	3.986	29.194
-1.636	3.973	28.325
-1.075	3.939	27.505
-0.574	3.894	26.729
-0.127	3.848	25.994
0.271	3.807	25.296
0.624	3.776	24.632
0.939	3.759	23.998
1.221	3.759	23.394
1.475	3.778	22.816
1.706	3.817	22.263
1.917	3.876	21.734
2.113	3.958	21.229
2.297	4.061	20.747
2.474	4.187	20.287
2.645	4.336	19.849
2.814	4.508	19.435
2.984	4.704	19.043
3.156	4.925	18.676
3.332	5.170	18.333
3.516	5.440	18.017
3.709	5.737	17.727
3.911	6.060	17.467
4.126	6.412	17.239
4.355	6.791	17.044
4.598	7.201	16.885
4.859	7.640	16.766
5.137	8.109	16.690
5.434	8.609	16.661
5.752	9.139	16.685
6.090	9.699	16.766
6.451	10.286	16.909
6.835	10.898	17.122
7.241	11.533	17.410
7.670	12.184	17.781
8.122	12.846	18.241
8.594	13.511	18.798
9.086	14.166	19.458
9.594	14.801	20.226
10.114	15.398	21.107
10.643	15.942	22.102
11.173	16.410	23.209
11.697	16.781	24.423
12.205	17.032	25.735
12.688	17.138	27.127
13.133	17.077	28.578
13.527	16.831	30.059
13.857	16.384	31.534
14.110	15.730	32.964
14.272	14.872	34.304
14.332	13.824	35.512
14.281	12.609	36.546
14.114	11.263	37.372
13.829	9.827	37.965
13.429	8.351	38.312
12.921	6.882	38.412
12.317	5.468	38.277
11.632	4.148	37.930
10.884	2.951	37.401
10.091	1.899	36.724
9.271	0.999	35.937
8.444	0.254	35.071
7.625	-0.346	34.157
6.828	-0.812	33.220
6.064	-1.160	32.279
5.342	-1.408	31.348
4.667	-1.573	30.436
4.043	-1.671	29.551
3.471	-1.717	28.696
2.952	-1.724	27.871
2.485	-1.703	27.077
2.066	-1.663	26.312
1.693	-1.611	25.576
1.363	-1.554	24.867
1.071	-1.496	24.183
0.814	-1.440	23.522
0.589	-1.389	22.883
0.391	-1.345	22.265
0.217	-1.309	21.666
0.065	-1.283	21.085
-0.070	-1.265	20.522
-0.190	-1.258	19.975
-0.296	-1.261	19.445
-0.393	-1.273	18.930
-0.481	-1.296	18.431
-0.562	-1.329	17.945
-0.639	-1.372	17.474
-0.712	-1.426	17.017
-0.784	-1.490	16.573
-0.854	-1.565	16.143
-0.925	-1.650	15.726
-0.998	-1.747	15.322
-1.073	-1.856	14.931
-1.151	-1.978	14.553
-1.234	-2.113	14.187
-1.322	-2.262	13.835
-1.416	-2.427	13.496
-1.517	-2.608	13.170
-1.626	-2.807	12.859
-1.744	-3.025	12.562
-1.872	-3.264	12.279
-2.011	-3.526	12.013
-2.163	-3.812	11.764
-2.328	-4.125	11.532
-2.508	-4.467	11.321
-2.704	-4.841	11.131
-2.917	-5.249	10.965
-3.150	-5.693	10.826
-3.405	-6.177	10.716
-3.682	-6.704	10.641
-3.984	-7.276	10.604
-4.313	-7.896	10.611
-4.672	-8.567	10.669
-5.061	-9.291	10.785
-5.484	-10.070	10.967
-5.943	-10.903	11.227
-6.439	-11.791	11.576
-6.974	-12.731	12.026
-7.550	-13.717	12.593
-8.166	-14.743	13.293
-8.824	-15.797	14.143
-9.521	-16.862	15.159
-10.255	-17.916	16.361
-11.021	-18.930	17.762
-11.812	-19.869	19.374
-12.618	-20.690	21.205
-13.425	-21.340	23.250
-14.217	-21.764	25.495
-14.971	-21.903	27.909
-15.665	-21.697	30.444
-16.268	-21.098	33.031
-16.751	-20.068	35.582
-17.083	-18.597	37.995
-17.234	-16.704	40.159
-17.181	-14.442	41.967
-16.907	-11.897	43.329
-16.406	-9.187	44.185
-15.684	-6.440	44.514
-14.760	-3.785	44.337
-13.662	-1.336	43.713
-12.430	0.824	42.730
-11.104	2.647	41.488
-9.729	4.118	40.088
-8.344	5.253	38.618
-6.985	6.086	37.150
-5.678	6.665	35.734
-4.443	7.037	34.403
-3.295	7.251	33.173
-2.241	7.349	32.049
-1.282	7.366	31.030
-0.417	7.332	30.108
0.358	7.267	29.275
1.049	7.190	28.520
1.663	7.113	27.835
2.208	7.044	27.211
2.692	6.991	26.641
3.122	6.958	26.119
3.505	6.947	25.639
3.849	6.960	25.199
4.160	6.998	24.795
4.444	7.062	24.425
4.706	7.150	24.087
4.950	7.263	23.782
5.182	7.399	23.507
5.403	7.558	23.264
5.619	7.738	23.052
5.831	7.939	22.872
6.042	8.158	22.725
6.253	8.395	22.611
6.467	8.648	22.533
6.686	8.916	22.492
6.909	9.195	22.488
7.137	9.483	22.524
7.372	9.779	22.600
7.613	10.080	22.718
7.859	10.381	22.880
8.111	10.680	23.085
8.368	10.972	23.336
8.629	11.252	23.632
8.891	11.516	23.973
9.153	11.759	24.357
9.414	11.975	24.784
9.670	12.158	25.251
9.919	12.302	25.753
10.157	12.402	26.287
10.382	12.452	26.845
10.589	12.448	27.422
10.775	12.384	28.009
10.936	12.260	28.597
11.068	12.072	29.175
11.168	11.821	29.733
11.234	11.509	30.260
11.261	11.140	30.746
11.249	10.720	31.181
11.196	10.255	31.555
11.102	9.754	31.862
10.967	9.228	32.095
10.793	8.686	32.251
10.583	8.141	32.329
10.338	7.601	32.328
10.065	7.078	32.252
9.766	6.579	32.104
9.447	6.112	31.891
9.114	5.684	31.618
8.771	5.297	31.293
8.423	4.955	30.923
8.077	4.660	30.515
7.735	4.410	30.078
7.402	4.205	29.617
7.083	4.043	29.139
6.779	3.922	28.648
6.493	3.839	28.150
6.228	3.791	27.648
5.984	3.775	27.147
5.763	3.788	26.649
5.566	3.828	26.157
5.392	3.892	25.672
5.242	3.979	25.198
5.116	4.086	24.734
5.013	4.212	24.284
4.933	4.357	23.847
4.875	4.518	23.426
4.839	4.696	23.022
4.825	4.890	22.635
4.831	5.099	22.268
4.858	5.325	21.920
4.905	5.568	21.594
4.971	5.826	21.292
5.057	6.101	21.013
5.161	6.394	20.762
5.284	6.703	20.538
5.426	7.031	20.344
5.587	7.376	20.183
5.766	7.739	20.057
5.963	8.119	19.969
6.179	8.517	19.920
6.412	8.931	19.915
6.664	9.360	19.957
6.934	9.802	20.048
7.221	10.256	20.193
7.524	10.717	20.396
7.843	11.182	20.658
8.177	11.646	20.984
8.524	12.103	21.377
8.882	12.547	21.839
9.249	12.969	22.371
9.621	13.359	22.973
9.994	13.709	23.646
10.366	14.007	24.386
10.730	14.242	25.187
11.081	14.401	26.044
11.413	14.474	26.945
11.719	14.450	27.879
11.992	14.320	28.829
12.225	14.077	29.777
12.410	13.719	30.704
12.541	13.246	31.588
12.612	12.664	32.407
12.617	11.981	33.140
12.553	11.213	33.768
12.419	10.377	34.275
12.215	9.494	34.650
11.943	8.587	34.885
11.607	7.678	34.980
11.214	6.791	34.939
10.772	5.945	34.769
10.289	5.157	34.482
9.776	4.438	34.093
9.242	3.798	33.618
8.698	3.241	33.072
8.152	2.767	32.472
7.614	2.375	31.832
7.090	2.060	31.164
6.587	1.815	30.479
6.110	1.633	29.786
5.662	1.508	29.091
5.247	1.431	28.401
4.865	1.396	27.719
4.518	1.395	27.047
4.206	1.424	26.389
3.928	1.478	25.745
3.683	1.552	25.117
3.470	1.642	24.504
3.287	1.747	23.908
3.133	1.864	23.328
3.006	1.992	22.764
2.905	2.129	22.217
2.827	2.276	21.686
2.772	2.432	21.172
2.738	2.597	20.675
2.724	2.771	20.195
2.729	2.956	19.732
2.751	3.152	19.286
2.791	3.361	18.859
2.848	3.582	18.450
2.922	3.818	18.060
3.011	4.071	17.690
3.117	4.340	17.340
3.240	4.629	17.013
3.379	4.939	16.710
3.535	5.271	16.431
3.708	5.627	16.179
3.900	6.009	15.956
4.111	6.419	15.765
4.342	6.858	15.609
4.593	7.327	15.490
4.867	7.828	15.414
5.163	8.363	15.384
5.483	8.930	15.405
5.828	9.532	15.484
6.198	10.166	15.627
6.595	10.831	15.840
7.018	11.525	16.132
7.469	12.242	16.511
7.946	12.978	16.985
8.450	13.724	17.563
8.977	14.468	18.254
9.526	15.199	19.066
10.093	15.898	20.006
10.674	16.546	21.077
11.261	17.119	22.281
11.847	17.592	23.614
12.421	17.935	25.069
12.973	18.120	26.628
13.487	18.117	28.269
13.950	17.900	29.958
14.345	17.447	31.657
14.656	16.748	33.315
14.865	15.802	34.881
14.959	14.621	36.300
14.925	13.233	37.519
14.756	11.680	38.494
14.448	10.015	39.191
14.005	8.298	39.593
13.434	6.591	39.699
12.750	4.954	39.526
11.970	3.435	39.103
11.117	2.071	38.472
10.212	0.887	37.676
9.280	-0.110	36.762
8.341	-0.922	35.771
7.414	-1.561	34.741
6.517	-2.046	33.698
5.660	-2.396	32.666
4.855	-2.637	31.660
4.106	-2.788	30.687
3.416	-2.870	29.755
2.788	-2.902	28.863
2.219	-2.897	28.013
1.707	-2.868	27.201
1.250	-2.826	26.427
0.842	-2.778	25.687
0.480	-2.730	24.979
0.159	-2.689	24.299
-0.126	-2.656	23.647
-0.379	-2.635	23.020
-0.604	-2.627	22.416
-0.807	-2.635	21.834
-0.989	-2.658	21.273
-1.156	-2.698	20.732
-1.310	-2.755	20.210
-1.455	-2.830	19.708
-1.592	-2.922	19.223
-1.725	-3.033	18.757
-1.856	-3.162	18.309
-1.987	-3.310	17.880
-2.119	-3.478	17.469
-2.255	-3.666	17.077
-2.396	-3.876	16.704
-2.544	-4.108	16.351
-2.700	-4.363	16.020
-2.867	-4.643	15.710
-3.044	-4.949	15.425
-3.235	-5.282	15.164
-3.440	-5.645	14.930
-3.660	-6.038	14.726
-3.898	-6.463	14.555
-4.154	-6.923	14.418
-4.431	-7.418	14.322
-4.730	-7.950	14.268
-5.052	-8.520	14.264
-5.399	-9.128	14.314
-5.772	-9.776	14.425
-6.172	-10.462	14.605
-6.601	-11.184	14.861
-7.059	-11.939	15.203
-7.547	-12.723	15.640
-8.065	-13.529	16.183
-8.611	-14.347	16.843
-9.185	-15.164	17.629
-9.783	-15.965	18.552
-10.401	-16.729	19.619
-11.034	-17.434	20.836
-11.674	-18.050	22.204
-12.311	-18.546	23.719
-12.935	-18.888	25.369
-13.530	-19.039	27.136
-14.081	-18.966	28.988
-14.569	-18.637	30.886
-14.976	-18.030	32.778
-15.282	-17.134	34.604
-15.467	-15.954	36.299
-15.516	-14.510	37.799
-15.415	-12.845	39.042
-15.158	-11.014	39.981
-14.744	-9.088	40.585
-14.178	-7.142	40.842
-13.474	-5.250	40.766
-12.652	-3.477	40.386
-11.734	-1.875	39.749
-10.749	-0.478	38.909
-9.721	0.700	37.923
-8.679	1.657	36.844
-7.646	2.408	35.717
-6.640	2.974	34.581
-5.679	3.381	33.461
-4.773	3.658	32.377
-3.930	3.830	31.339
-3.154	3.923	30.352
-2.446	3.958	29.419
-1.806	3.953	28.538
-1.230	3.923	27.706
-0.715	3.880	26.919
-0.255	3.834	26.173
0.154	3.791	25.465
0.518	3.757	24.792
0.842	3.736	24.150
1.131	3.731	23.538
1.391	3.744	22.952
1.626	3.777	22.392
1.841	3.830	21.857
2.040	3.905	21.344
2.227	4.002	20.855
2.404	4.121	20.388
2.576	4.263	19.943
2.745	4.428	19.521
2.913	4.616	19.122
3.083	4.829	18.747
3.258	5.066	18.396
3.439	5.328	18.070
3.627	5.616	17.771
3.826	5.931	17.501
4.037	6.273	17.261
4.260	6.644	17.054
4.499	7.044	16.883
4.753	7.474	16.749
5.025	7.934	16.658
5.316	8.424	16.612
5.627	8.945	16.617
5.959	9.496	16.677
6.313	10.076	16.799
6.689	10.682	16.987
7.088	11.312	17.248
7.511	11.961	17.590
7.956	12.624	18.019
8.423	13.291	18.543
8.909	13.955	19.168
9.414	14.602	19.900
9.933	15.219	20.744
10.461	15.787	21.703
10.994	16.288	22.776
11.523	16.700	23.959
12.041	16.998	25.244
12.537	17.160	26.618
12.999	17.162	28.059
13.415	16.982	29.542
13.772	16.606	31.033
14.055	16.022	32.492
14.252	15.230	33.877
14.350	14.240	35.145
14.339	13.073	36.251
14.212	11.759	37.159
13.967	10.340	37.839
13.604	8.862	38.274
13.130	7.376	38.459
12.555	5.929	38.402
11.892	4.563	38.122
11.159	3.314	37.648
10.375	2.204	37.014
9.558	1.247	36.256
8.727	0.445	35.408
7.898	-0.205	34.503
7.088	-0.717	33.567
6.308	-1.104	32.621
5.566	-1.385	31.681
4.871	-1.576	30.759
4.227	-1.695	29.862
3.634	-1.756	28.994
3.095	-1.775	28.157
2.608	-1.762	27.351
2.171	-1.727	26.576
1.781	-1.679	25.830
1.435	-1.624	25.111
1.129	-1.566	24.418
0.860	-1.510	23.749
0.623	-1.458	23.103
0.415	-1.413	22.478
0.232	-1.376	21.873
0.071	-1.348	21.286
-0.071	-1.330	20.718
-0.197	-1.322	20.166
-0.309	-1.324	19.631
-0.411	-1.337	19.112
-0.503	-1.360	18.607
-0.589	-1.393	18.118
-0.669	-1.438	17.643
-0.746	-1.493	17.182
-0.821	-1.559	16.735
-0.895	-1.635	16.302
-0.969	-1.724	15.882
-1.044	-1.824	15.475
-1.122	-1.936	15.081
-1.204	-2.062	14.701
-1.289	-2.201	14.334
-1.381	-2.356	13.980
-1.478	-2.526	13.639
-1.583	-2.713	13.313
-1.696	-2.918	13.001
-1.818	-3.143	12.704
-1.951	-3.390	12.422
-2.095	-3.660	12.157
-2.251	-3.955	11.909
-2.421	-4.278	11.681
-2.607	-4.630	11.473
-2.809	-5.015	11.288
-3.030	-5.434	11.128
-3.270	-5.891	10.996
-3.532	-6.388	10.895
-3.818	-6.929	10.830
-4.129	-7.515	10.806
-4.468	-8.150	10.828
-4.836	-8.835	10.903
-5.236	-9.574	11.040
-5.670	-10.366	11.247
-6.139	-11.212	11.535
-6.646	-12.111	11.915
-7.193	-13.059	12.402
-7.780	-14.050	13.011
-8.407	-15.076	13.757
-9.073	-16.122	14.658
-9.778	-17.172	15.730
-10.518	-18.200	16.989
-11.286	-19.176	18.450
-12.075	-20.062	20.123
-12.874	-20.812	22.008
-13.668	-21.376	24.101
-14.438	-21.695	26.380
-15.164	-21.712	28.809
-15.819	-21.372	31.333
-16.374	-20.631	33.878
-16.800	-19.462	36.353
-17.066	-17.865	38.653
-17.146	-15.868	40.671
-17.018	-13.537	42.307
-16.670	-10.966	43.483
-16.100	-8.276	44.151
-15.317	-5.593	44.306
-14.345	-3.039	43.981
-13.214	-0.716	43.244
-11.964	1.305	42.186
-10.637	2.990	40.905
-9.275	4.332	39.496
-7.914	5.355	38.041
-6.587	6.096	36.603
-5.319	6.602	35.225
-4.127	6.920	33.935
-3.022	7.096	32.744
-2.010	7.168	31.656
-1.092	7.170	30.668
-0.266	7.128	29.772
0.473	7.061	28.959
1.132	6.986	28.220
1.717	6.914	27.547
2.237	6.852	26.931
2.699	6.808	26.366
3.110	6.784	25.847
3.477	6.783	25.368
3.808	6.806	24.928
4.107	6.855	24.522
4.382	6.930	24.150
4.637	7.029	23.810
4.876	7.153	23.501
5.104	7.301	23.223
5.324	7.472	22.976
5.538	7.665	22.761
5.751	7.878	22.579
5.964	8.111	22.430
6.178	8.362	22.315
6.397	8.630	22.237
6.620	8.912	22.196
6.849	9.207	22.194
7.085	9.513	22.233
7.328	9.826	22.314
7.578	10.145	22.439
7.834	10.465	22.609
8.097	10.782	22.826
8.366	11.093	23.091
8.639	11.393	23.403
8.914	11.676	23.763
9.190	11.937	24.170
9.465	12.170	24.623
9.736	12.368	25.118
9.999	12.525	25.652
10.251	12.634	26.221
10.490	12.690	26.817
10.710	12.688	27.433
10.908	12.622	28.060
11.079	12.489	28.688
11.220	12.288	29.307
11.327	12.018	29.904
11.396	11.682	30.468
11.424	11.284	30.987
11.410	10.830	31.450
11.352	10.328	31.847
11.250	9.788	32.170
11.104	9.221	32.413
10.916	8.639	32.573
10.688	8.053	32.647
10.424	7.476	32.637
10.130	6.918	32.546
9.808	6.388	32.379
9.466	5.895	32.142
9.109	5.444	31.843
8.743	5.039	31.490
8.372	4.684	31.091
8.004	4.378	30.654
7.641	4.122	30.187
7.289	3.914	29.697
6.952	3.751	29.190
6.631	3.631	28.673
6.331	3.550	28.149
6.053	3.505	27.623
5.798	3.493	27.098
5.568	3.510	26.578
5.362	3.554	26.065
5.181	3.622	25.560
5.025	3.712	25.066
4.894	3.823	24.585
4.787	3.952	24.116
4.703	4.098	23.662
4.643	4.261	23.224
4.605	4.440	22.802
4.588	4.635	22.399
4.593	4.846	22.014
4.618	5.072	21.650
4.664	5.315	21.307
4.729	5.574	20.986
4.813	5.850	20.690
4.917	6.143	20.420
5.039	6.454	20.178
5.181	6.784	19.965
5.341	7.132	19.784
5.520	7.500	19.637
5.718	7.887	19.528
5.935	8.292	19.458
6.171	8.716	19.431
6.425	9.158	19.451
6.699	9.616	19.520
6.990	10.087	19.644
7.300	10.571	19.825
7.627	11.062	20.068
7.971	11.556	20.377
8.329	12.048	20.755
8.701	12.531	21.205
9.084	12.997	21.729
9.475	13.437	22.331
9.871	13.839	23.008
10.268	14.194	23.761
10.661	14.487	24.585
11.043	14.706	25.474
11.410	14.838	26.418
11.753	14.870	27.407
12.064	14.791	28.424
12.337	14.592	29.450
12.563	14.268	30.465
12.733	13.815	31.445
12.841	13.238	32.366
12.881	12.545	33.203
12.847	11.750	33.933
12.738	10.870	34.538
12.551	9.928	35.001
12.289	8.950	35.314
11.955	7.962	35.472
11.556	6.989	35.478
11.099	6.055	35.340
10.595	5.180	35.069
10.053	4.379	34.683
9.486	3.664	34.198
8.903	3.039	33.634
8.317	2.507	33.008
7.736	2.065	32.336
7.169	1.709	31.633
6.623	1.432	30.912
6.104	1.225	30.183
5.616	1.079	29.453
5.162	0.987	28.728
4.745	0.939	28.013
4.364	0.929	27.310
4.021	0.950	26.623
3.714	0.996	25.951
3.442	1.062	25.296
3.204	1.144	24.658
2.998	1.240	24.037
2.822	1.346	23.433
2.675	1.462	22.846
2.553	1.585	22.276
2.456	1.715	21.723
2.382	1.852	21.185
2.329	1.996	20.665
2.296	2.147	20.160
2.281	2.306	19.672
2.284	2.473	19.200
2.303	2.649	18.744
2.337	2.836	18.305
2.387	3.034	17.884
2.452	3.245	17.479
2.531	3.470	17.093
2.625	3.712	16.725
2.734	3.971	16.376
2.857	4.249	16.048
2.996	4.548	15.741
3.152	4.870	15.458
3.323	5.216	15.199
3.513	5.589	14.967
3.720	5.991	14.764
3.947	6.424	14.593
4.195	6.889	14.458
4.464	7.388	14.361
4.757	7.923	14.308
5.073	8.495	14.304
5.416	9.105	14.353
5.784	9.753	14.463
6.181	10.438	14.642
6.607	11.160	14.897
7.062	11.914	15.237
7.547	12.696	15.672
8.062	13.500	16.212
8.606	14.315	16.868
9.177	15.130	17.650
9.772	15.928	18.568
10.388	16.691	19.630
11.018	17.393	20.840
11.656	18.008	22.201
12.291	18.504	23.708
12.912	18.847	25.350
13.506	19.001	27.107
14.055	18.931	28.951
14.543	18.608	30.839
14.949	18.009	32.723
15.255	17.123	34.543
15.442	15.954	36.234
15.493	14.523	37.731
15.396	12.870	38.975
15.144	11.051	39.917
14.734	9.136	40.526
14.175	7.199	40.792
13.477	5.314	40.724
12.661	3.546	40.355
11.749	1.946	39.727
10.769	0.549	38.897
9.747	-0.630	37.919
8.709	-1.590	36.846
7.679	-2.345	35.725
6.677	-2.915	34.592
5.718	-3.326	33.475
4.813	-3.605	32.392
3.972	-3.781	31.355
3.196	-3.876	30.369
2.489	-3.913	29.435
1.849	-3.910	28.553
1.273	-3.881	27.719
0.758	-3.838	26.930
0.298	-3.792	26.183
-0.111	-3.749	25.474
-0.475	-3.714	24.798
-0.799	-3.692	24.155
-1.088	-3.686	23.540
-1.348	-3.697	22.953
-1.583	-3.729	22.390
-1.797	-3.780	21.852
-1.996	-3.853	21.337
-2.181	-3.947	20.845
-2.358	-4.064	20.376
-2.529	-4.203	19.928
-2.696	-4.365	19.503
-2.863	-4.550	19.101
-3.032	-4.760	18.721
-3.204	-4.993	18.366
-3.383	-5.252	18.037
-3.570	-5.537	17.733
-3.767	-5.848	17.458
-3.975	-6.186	17.213
-4.196	-6.553	17.000
-4.432	-6.949	16.822
-4.684	-7.375	16.681
-4.953	-7.832	16.582
-5.241	-8.319	16.527
-5.549	-8.837	16.522
-5.877	-9.385	16.572
-6.228	-9.963	16.682
-6.602	-10.569	16.858
-6.998	-11.198	17.106
-7.418	-11.849	17.433
-7.861	-12.514	17.847
-8.327	-13.187	18.355
-8.813	-13.859	18.964
-9.317	-14.516	19.679
-9.837	-15.146	20.507
-10.368	-15.732	21.450
-10.905	-16.254	22.509
-11.439	-16.690	23.682
-11.964	-17.017	24.959
-12.470	-17.211	26.330
-12.944	-17.247	27.774
-13.374	-17.104	29.265
-13.747	-16.763	30.773
-14.049	-16.215	32.256
-14.265	-15.454	33.674
-14.384	-14.490	34.981
-14.395	-13.341	36.132
-14.289	-12.037	37.089
-14.064	-10.618	37.820
-13.720	-9.131	38.305
-13.261	-7.626	38.536
-12.697	-6.152	38.520
-12.043	-4.755	38.274
-11.314	-3.470	37.826
-10.530	-2.324	37.210
-9.709	-1.331	36.462
-8.871	-0.496	35.619
-8.034	0.185	34.713
-7.212	0.723	33.773
-6.418	1.132	32.820
-5.663	1.430	31.872
-4.954	1.635	30.941
-4.295	1.764	30.035
-3.689	1.834	29.159
-3.137	1.858	28.313
-2.637	1.849	27.500
-2.189	1.818	26.718
-1.788	1.772	25.966
-1.432	1.717	25.242
-1.117	1.661	24.544
-0.839	1.606	23.871
-0.595	1.555	23.221
-0.380	1.511	22.592
-0.191	1.475	21.984
-0.024	1.449	21.395
0.123	1.433	20.824
0.254	1.427	20.271
0.371	1.433	19.734
0.478	1.449	19.213
0.575	1.477	18.707
0.665	1.515	18.217
0.750	1.565	17.741
0.831	1.626	17.280
0.911	1.699	16.833
0.990	1.784	16.399
1.069	1.881	15.980
1.150	1.991	15.574
1.234	2.114	15.181
1.322	2.251	14.802
1.415	2.403	14.437
1.514	2.571	14.086
1.620	2.756	13.750
1.733	2.959	13.428
1.856	3.182	13.121
1.988	3.426	12.830
2.132	3.694	12.556
2.288	3.986	12.300
2.458	4.305	12.063
2.643	4.654	11.847
2.844	5.034	11.654
3.063	5.449	11.487
3.302	5.900	11.347
3.561	6.391	11.240
3.844	6.924	11.167
4.152	7.502	11.136
4.487	8.127	11.150
4.851	8.802	11.218
5.246	9.528	11.346
5.674	10.306	11.543
6.138	11.137	11.820
6.638	12.019	12.188
7.176	12.948	12.661
7.753	13.919	13.253
8.370	14.924	13.978
9.025	15.948	14.855
9.717	16.975	15.898
10.443	17.981	17.123
11.197	18.937	18.544
11.971	19.807	20.170
12.754	20.546	22.003
13.534	21.105	24.037
14.291	21.430	26.253
15.005	21.466	28.615
15.651	21.159	31.073
16.202	20.466	33.556
16.628	19.362	35.977
16.901	17.842	38.237
16.995	15.933	40.233
16.889	13.695	41.868
16.570	11.216	43.064
16.034	8.607	43.774
15.292	5.992	43.987
14.362	3.487	43.730
13.274	1.193	43.065
12.066	-0.818	42.075
10.778	-2.508	40.854
9.449	-3.869	39.494
8.117	-4.916	38.076
6.814	-5.685	36.661
5.564	-6.218	35.296
4.386	-6.562	34.009
3.291	-6.760	32.814
2.286	-6.851	31.717
1.372	-6.867	30.714
0.548	-6.836	29.801
-0.190	-6.777	28.969
-0.849	-6.708	28.209
-1.435	-6.639	27.514
-1.955	-6.579	26.876
-2.418	-6.536	26.288
-2.829	-6.512	25.745
-3.198	-6.510	25.242
-3.529	-6.533	24.777
-3.829	-6.582	24.347
-4.105	-6.656	23.950
-4.360	-6.756	23.584
-4.599	-6.881	23.250
-4.827	-7.030	22.946
-5.048	-7.204	22.674
-5.263	-7.401	22.433
-5.477	-7.620	22.224
-5.691	-7.860	22.049
-5.908	-8.120	21.908
-6.129	-8.399	21.804
-6.356	-8.694	21.737
-6.590	-9.006	21.710
-6.832	-9.330	21.725
-7.081	-9.665	21.783
-7.340	-10.009	21.886
-7.607	-10.358	22.037
-7.882	-10.708	22.238
-8.164	-11.055	22.488
-8.453	-11.394	22.791
-8.748	-11.721	23.147
-9.045	-12.028	23.555
-9.343	-12.310	24.015
-9.640	-12.559	24.524
-9.932	-12.768	25.081
-10.215	-12.931	25.680
-10.487	-13.038	26.316
-10.742	-13.084	26.982
-10.976	-13.063	27.668
-11.185	-12.969	28.364
-11.363	-12.798	29.058
-11.507	-12.550	29.738
-11.611	-12.225	30.389
-11.673	-11.825	30.998
-11.688	-11.357	31.551
-11.655	-10.828	32.037
-11.572	-10.249	32.445
-11.440	-9.633	32.766
-11.259	-8.991	32.994
-11.032	-8.339	33.127
-10.763	-7.690	33.163
-10.456	-7.057	33.107
-10.116	-6.453	32.962
-9.749	-5.886	32.735
-9.363	-5.366	32.436
-8.963	-4.897	32.074
-8.557	-4.483	31.657
-8.149	-4.125	31.197
-7.747	-3.823	30.701
-7.355	-3.576	30.178
-6.977	-3.380	29.637
-6.617	-3.232	29.082
-6.278	-3.128	28.520
-5.963	-3.064	27.956
-5.673	-3.036	27.393
-5.410	-3.040	26.835
-5.173	-3.072	26.284
-4.963	-3.130	25.742
-4.779	-3.211	25.211
-4.623	-3.312	24.692
-4.492	-3.432	24.187
-4.386	-3.569	23.696
-4.304	-3.722	23.221
-4.246	-3.891	22.762
-4.210	-4.074	22.320
-4.197	-4.273	21.896
-4.204	-4.486	21.492
-4.232	-4.715	21.107
-4.281	-4.959	20.744
-4.349	-5.220	20.403
-4.436	-5.499	20.086
-4.542	-5.795	19.794
-4.667	-6.109	19.529
-4.811	-6.444	19.294
-4.975	-6.798	19.089
-5.157	-7.173	18.918
-5.359	-7.570	18.784
-5.580	-7.988	18.689
-5.821	-8.428	18.636
-6.081	-8.889	18.630
-6.362	-9.370	18.673
-6.663	-9.869	18.772
-6.983	-10.385	18.929
-7.324	-10.915	19.149
-7.683	-11.454	19.438
-8.060	-11.997	19.799
-8.454	-12.538	20.238
-8.862	-13.069	20.759
-9.283	-13.580	21.363
-9.713	-14.060	22.054
-10.147	-14.497	22.832
-10.582	-14.877	23.694
-11.012	-15.184	24.637
-11.429	-15.402	25.652
-11.826	-15.517	26.728
-12.195	-15.512	27.850
-12.527	-15.375	28.999
-12.812	-15.096	30.152
-13.040	-14.669	31.282
-13.203	-14.095	32.361
-13.292	-13.378	33.359
-13.301	-12.532	34.247
-13.224	-11.576	35.001
-13.059	-10.534	35.599
-12.807	-9.436	36.025
-12.470	-8.314	36.273
-12.054	-7.200	36.342
-11.569	-6.122	36.241
-11.024	-5.107	35.983
-10.432	-4.176	35.586
-9.807	-3.343	35.073
-9.160	-2.616	34.466
-8.506	-1.998	33.786
-7.855	-1.486	33.055
-7.218	-1.074	32.290
-6.604	-0.753	31.507
-6.019	-0.514	30.716
-5.468	-0.345	29.928
-4.956	-0.237	29.149
-4.484	-0.177	28.383
-4.053	-0.158	27.634
-3.664	-0.172	26.904
-3.315	-0.210	26.193
-3.004	-0.268	25.501
-2.730	-0.340	24.829
-2.491	-0.423	24.176
-2.285	-0.514	23.542
-2.108	-0.611	22.926
-1.958	-0.712	22.328
-1.833	-0.816	21.746
-1.732	-0.922	21.181
-1.651	-1.031	20.632
-1.589	-1.142	20.099
-1.544	-1.257	19.581
-1.515	-1.374	19.079
-1.501	-1.495	18.591
-1.501	-1.622	18.117
-1.513	-1.754	17.659
-1.537	-1.893	17.214
-1.572	-2.040	16.784
-1.619	-2.195	16.369
-1.677	-2.362	15.968
-1.745	-2.540	15.582
-1.825	-2.731	15.210
-1.915	-2.937	14.855
-2.018	-3.160	14.515
-2.132	-3.400	14.192
-2.259	-3.661	13.886
-2.399	-3.943	13.598
-2.553	-4.249	13.330
-2.723	-4.581	13.083
-2.909	-4.941	12.859
-3.112	-5.332	12.660
-3.334	-5.756	12.488
-3.576	-6.216	12.347
-3.840	-6.714	12.240
-4.128	-7.252	12.171
-4.440	-7.832	12.146
-4.779	-8.458	12.170
-5.147	-9.130	12.250
-5.545	-9.849	12.393
-5.976	-10.616	12.609
-6.440	-11.430	12.907
-6.939	-12.288	13.299
-7.474	-13.185	13.797
-8.045	-14.115	14.414
-8.652	-15.066	15.165
-9.293	-16.026	16.064
-9.967	-16.975	17.125
-10.667	-17.889	18.360
-11.390	-18.739	19.779
-12.124	-19.487	21.386
-12.861	-20.094	23.178
-13.584	-20.514	25.145
-14.277	-20.696	27.261
-14.919	-20.595	29.489
-15.487	-20.167	31.775
-15.955	-19.381	34.051
-16.297	-18.222	36.235
-16.490	-16.697	38.238
-16.510	-14.842	39.972
-16.344	-12.717	41.356
-15.981	-10.407	42.332
-15.424	-8.013	42.866
-14.682	-5.640	42.959
-13.778	-3.387	42.641
-12.739	-1.336	41.971
-11.599	0.457	41.022
-10.393	1.963	39.875
-9.157	3.178	38.607
-7.924	4.117	37.287
-6.720	4.812	35.966
-5.567	5.299	34.684
-4.480	5.618	33.464
-3.470	5.807	32.320
-2.542	5.899	31.257
-1.698	5.923	30.273
-0.936	5.902	29.365
-0.252	5.856	28.527
0.358	5.799	27.751
0.902	5.741	27.032
1.386	5.693	26.363
1.817	5.659	25.739
2.201	5.643	25.155
2.545	5.649	24.609
2.856	5.679	24.096
3.138	5.734	23.616
3.398	5.814	23.166
3.639	5.920	22.746
3.867	6.052	22.355
4.086	6.210	21.993
4.298	6.393	21.660
4.508	6.602	21.357
4.717	6.835	21.085
4.929	7.093	20.845
5.145	7.375	20.639
5.368	7.680	20.468
5.599	8.007	20.335
5.840	8.356	20.241
6.092	8.726	20.189
6.355	9.115	20.182
6.631	9.520	20.223
6.920	9.941	20.315
7.222	10.373	20.461
7.537	10.814	20.665
7.865	11.259	20.929
8.204	11.702	21.256
8.554	12.138	21.650
8.912	12.560	22.111
9.277	12.959	22.640
9.645	13.327	23.239
10.014	13.653	23.905
10.378	13.927	24.634
10.732	14.137	25.423
11.073	14.272	26.262
11.393	14.322	27.142
11.686	14.276	28.050
11.945	14.128	28.970
12.163	13.870	29.885
12.334	13.502	30.775
12.451	13.025	31.620
12.508	12.444	32.398
12.502	11.770	33.091
12.428	11.015	33.680
12.287	10.199	34.151
12.078	9.342	34.493
11.805	8.464	34.702
11.471	7.588	34.776
11.082	6.735	34.719
10.648	5.923	34.539
10.175	5.168	34.249
9.674	4.480	33.861
9.155	3.868	33.392
8.626	3.336	32.855
8.097	2.884	32.267
7.576	2.509	31.640
7.069	2.209	30.987
6.583	1.975	30.316
6.122	1.803	29.638
5.690	1.685	28.958
5.290	1.613	28.282
4.922	1.582	27.613
4.588	1.586	26.954
4.288	1.618	26.308
4.021	1.674	25.676
3.786	1.751	25.059
3.583	1.845	24.457
3.409	1.953	23.871
3.263	2.074	23.301
3.144	2.207	22.747
3.051	2.350	22.210
2.981	2.503	21.689
2.933	2.666	21.186
2.906	2.839	20.699
2.900	3.023	20.229
2.912	3.218	19.778
2.943	3.426	19.344
2.991	3.646	18.929
3.056	3.881	18.533
3.139	4.131	18.158
3.238	4.399	17.803
3.354	4.685	17.471
3.487	4.992	17.162
3.638	5.320	16.878
3.806	5.671	16.622
3.992	6.047	16.394
4.198	6.450	16.199
4.423	6.881	16.037
4.669	7.341	15.914
4.936	7.832	15.833
5.226	8.355	15.797
5.539	8.909	15.812
5.876	9.495	15.884
6.238	10.112	16.018
6.625	10.758	16.222
7.038	11.431	16.502
7.477	12.126	16.866
7.942	12.837	17.323
8.432	13.556	17.881
8.944	14.274	18.547
9.477	14.977	19.329
10.027	15.649	20.233
10.589	16.271	21.263
11.157	16.822	22.419
11.724	17.276	23.698
12.279	17.608	25.091
12.812	17.789	26.584
13.310	17.792	28.154
13.758	17.594	29.772
14.142	17.174	31.398
14.445	16.522	32.990
14.653	15.636	34.497
14.751	14.528	35.868
14.729	13.222	37.054
14.578	11.756	38.014
14.296	10.179	38.714
13.884	8.545	39.136
13.350	6.914	39.279
12.706	5.339	39.155
11.970	3.868	38.789
11.160	2.538	38.218
10.297	1.372	37.482
9.405	0.382	36.623
8.503	-0.433	35.683
7.609	-1.082	34.694
6.740	-1.580	33.687
5.908	-1.948	32.682
5.122	-2.205	31.696
4.390	-2.372	30.737
3.714	-2.468	29.814
3.095	-2.511	28.927
2.535	-2.515	28.078
2.030	-2.492	27.265
1.578	-2.452	26.488
1.175	-2.403	25.743
0.817	-2.353	25.028
0.500	-2.305	24.341
0.219	-2.264	23.681
-0.029	-2.232	23.044
-0.249	-2.211	22.430
-0.445	-2.202	21.838
-0.621	-2.208	21.265
-0.780	-2.228	20.712
-0.924	-2.262	20.177
-1.058	-2.312	19.660
-1.184	-2.377	19.160
-1.303	-2.458	18.677
-1.418	-2.555	18.211
-1.532	-2.668	17.762
-1.646	-2.798	17.329
-1.761	-2.946	16.913
-1.879	-3.112	16.514
-2.003	-3.296	16.132
-2.132	-3.501	15.768
-2.269	-3.727	15.422
-2.415	-3.975	15.095
-2.571	-4.247	14.789
-2.738	-4.544	14.503
-2.919	-4.868	14.241
-3.114	-5.221	14.003
-3.325	-5.605	13.793
-3.553	-6.021	13.611
-3.799	-6.472	13.462
-4.067	-6.960	13.349
-4.356	-7.486	13.276
-4.669	-8.052	13.248
-5.007	-8.661	13.271
-5.373	-9.311	13.351
-5.767	-10.005	13.495
-6.190	-10.742	13.712
-6.646	-11.519	14.011
-7.133	-12.333	14.403
-7.653	-13.180	14.899
-8.206	-14.051	15.510
-8.790	-14.935	16.249
-9.405	-15.819	17.129
-10.046	-16.683	18.160
-10.710	-17.505	19.352
-11.389	-18.256	20.710
-12.076	-18.903	22.237
-12.759	-19.410	23.927
-13.424	-19.736	25.765
-14.055	-19.839	27.727
-14.633	-19.678	29.776
-15.138	-19.222	31.862
-15.546	-18.445	33.922
-15.836	-17.340	35.885
-15.986	-15.918	37.674
-15.980	-14.212	39.214
-15.803	-12.278	40.439
-15.450	-10.189	41.301
-14.924	-8.032	41.774
-14.235	-5.896	41.859
-13.401	-3.865	41.582
-12.448	-2.006	40.991
-11.403	-0.369	40.148
-10.300	1.020	39.119
-9.168	2.155	37.971
-8.036	3.048	36.761
-6.927	3.721	35.535
-5.862	4.206	34.330
-4.856	4.535	33.168
-3.916	4.741	32.063
-3.051	4.852	31.023
-2.260	4.896	30.047
-1.545	4.893	29.135
-0.901	4.862	28.283
-0.325	4.816	27.485
0.189	4.766	26.736
0.647	4.721	26.032
1.054	4.686	25.369
1.418	4.667	24.742
1.743	4.667	24.148
2.035	4.687	23.585
2.300	4.730	23.052
2.543	4.797	22.546
2.769	4.888	22.067
2.981	5.003	21.614
3.183	5.143	21.186
3.379	5.309	20.785
3.572	5.499	20.410
3.765	5.715	20.062
3.960	5.957	19.742
4.159	6.225	19.452
4.366	6.518	19.192
